	MSE (Gaussian Processes)	MAE (Gaussian Processes)	R-squared (Gaussian Processes)	Explained Variance (Gaussian Processes)	RMSE (Gaussian Processes)	MSE (Polynomial Regression)	MAE (Polynomial Regression)	R-squared (Polynomial Regression)	Explained Variance (Polynomial Regression)	RMSE (Polynomial Regression)	MSE (Neural Networks)	MAE (Neural Networks)	R-squared (Neural Networks)	Explained Variance (Neural Networks)	RMSE (Neural Networks)
0	3,05472E-18	3,26886E-10	1	1	1,74777E-09	0,009924386	0,08492582	0,999925356	0,999925356	0,099621215	0,01061119	0,086890424	0,999920191	0,99992023	0,103010629
1	1,03295E-16	1,98191E-09	1	1	1,01634E-08	0,009868301	0,079404171	0,999931938	0,999931938	0,099339324	0,374559455	0,513487781	0,99741666	0,997502806	0,612012626
2	1,33386E-18	1,94799E-10	1	1	1,15493E-09	0,011632903	0,086099129	0,99990869	0,99990869	0,107855935	0,014348116	0,089358833	0,999887377	0,999887687	0,119783621
3	4,41573E-18	4,58233E-10	1	1	2,10136E-09	0,010587041	0,082419514	0,999927204	0,999927204	0,102893347	0,250291817	0,441139903	0,998279006	0,998792181	0,500291732
4	6,20449E-19	2,01515E-10	1	1	7,87686E-10	0,007549448	0,068606572	0,999943805	0,999943805	0,086887559	0,00994432	0,08106853	0,999925978	0,999925981	0,09972121
5	4,21762E-18	5,17881E-10	1	1	2,05368E-09	0,007169951	0,068177069	0,99994954	0,99994954	0,084675562	0,007333336	0,067818691	0,99994839	0,999948428	0,085634897
6	1,02285E-18	1,76274E-10	1	1	1,01136E-09	0,00848103	0,072744031	0,999938941	0,999938941	0,092092506	0,010372437	0,079619213	0,999925324	0,99992537	0,10184516
7	9,61237E-18	7,92874E-10	1	1	3,10038E-09	0,007975307	0,073226076	0,999943126	0,999943126	0,089304576	0,217919545	0,406932155	0,998445955	0,998608939	0,466818535
8	1,04519E-18	2,88224E-10	1	1	1,02235E-09	0,008932398	0,073748257	0,999935118	0,999935118	0,094511362	0,010744888	0,085402841	0,999921952	0,999922061	0,103657553
9	2,97034E-17	1,15317E-09	1	1	5,45008E-09	0,010798348	0,082913109	0,999906098	0,999906098	0,103915099	0,011241614	0,08296147	0,999902243	0,999902324	0,106026479
10	1,36043E-18	4,05801E-10	1	1	1,16638E-09	0,00825721	0,071946438	0,999932708	0,999932708	0,090869192	0,279226071	0,414962498	0,997724446	0,997785623	0,528418462
11	1,19067E-17	7,34313E-10	1	1	3,4506E-09	0,010320173	0,079745405	0,999921428	0,999921428	0,101588254	0,012212914	0,088416276	0,999907017	0,99990722	0,110512056
12	1,1836E-17	6,88639E-10	1	1	3,44035E-09	0,008819671	0,075902136	0,999932661	0,999932661	0,093913103	0,492311123	0,490187289	0,996241181	0,996286428	0,701648861
13	1,17179E-18	1,80875E-10	1	1	1,08249E-09	0,007877165	0,073727048	0,999931989	0,999931989	0,088753397	0,008156823	0,073185596	0,999929574	0,999929599	0,090315133
14	2,49636E-18	2,38866E-10	1	1	1,57999E-09	0,009337805	0,078412963	0,999939797	0,999939797	0,096632318	0,010645595	0,084274344	0,999931366	0,999931435	0,103177493
15	2,08605E-18	2,87371E-10	1	1	1,44432E-09	0,007970798	0,076100534	0,999937774	0,999937774	0,089279323	2,760710346	1,41304544	0,978447805	0,979931076	1,661538548
16	1,84567E-18	3,23075E-10	1	1	1,35855E-09	0,00843084	0,071761377	0,99993266	0,99993266	0,091819606	1,494157338	0,946954635	0,988065699	0,988175291	1,222357288
17	1,61242E-17	1,03926E-09	1	1	4,01549E-09	0,010816216	0,079632774	0,999902238	0,999902238	0,104001036	0,011903208	0,085791735	0,999892413	0,999893357	0,109101823
18	2,41135E-17	8,15614E-10	1	1	4,91055E-09	0,009270159	0,076881152	0,999916289	0,999916289	0,096281666	0,01113436	0,086598105	0,999899456	0,999899506	0,105519478
19	3,95003E-18	3,82529E-10	1	1	1,98747E-09	0,009883166	0,079848884	0,999925546	0,999925546	0,099414114	0,011305844	0,085209607	0,999914828	0,999915026	0,106328943
20	1,17398E-17	6,36674E-10	1	1	3,42634E-09	0,011620103	0,083505723	0,999906756	0,999906756	0,107796582	0,01259378	0,086499429	0,999898943	0,999898948	0,112222012
21	7,35198E-17	1,35044E-09	1	1	8,57437E-09	0,010220431	0,082631365	0,999925355	0,999925355	0,101096147	0,243125608	0,355299832	0,998224328	0,998510729	0,493077689
22	8,37472E-18	6,71795E-10	1	1	2,89391E-09	0,011533997	0,086895182	0,999896751	0,999896751	0,107396446	0,012910528	0,092154033	0,999884429	0,999885178	0,113624503
23	6,39534E-18	5,05544E-10	1	1	2,5289E-09	0,008798038	0,073322448	0,999926613	0,999926613	0,093797857	0,397063411	0,484339522	0,996687977	0,997740472	0,630129678
24	4,68456E-18	4,21111E-10	1	1	2,16438E-09	0,011396594	0,083337522	0,999908889	0,999908889	0,106754832	0,013123475	0,090696765	0,999895083	0,999895156	0,114557738
25	1,25732E-17	1,12599E-09	1	1	3,54587E-09	0,009457313	0,076765521	0,999941905	0,999941905	0,097248715	0,011447728	0,086093257	0,999929678	0,999929692	0,106994057
26	2,18803E-17	9,08591E-10	1	1	4,67764E-09	0,008844722	0,075432222	0,999930754	0,999930754	0,094046384	0,010591769	0,08290466	0,999917076	0,999917297	0,10291632
27	2,28126E-17	8,95499E-10	1	1	4,77625E-09	0,010044407	0,082931049	0,999920286	0,999920286	0,100221791	0,389776854	0,519757687	0,996906657	0,998360936	0,624321114
28	1,74571E-18	3,78368E-10	1	1	1,32125E-09	0,009675031	0,081039785	0,999922364	0,999922364	0,098361734	0,207126503	0,379211253	0,998337939	0,998419378	0,455111528
29	3,19822E-17	1,54526E-09	1	1	5,65528E-09	0,009456572	0,079464765	0,999928686	0,999928686	0,097244906	0,012788806	0,090494467	0,999903557	0,999903559	0,113087603
30	2,69166E-18	6,1464E-10	1	1	1,64063E-09	0,01021561	0,080660303	0,999929575	0,999929575	0,101072299	0,011469233	0,085555033	0,999920933	0,999920935	0,107094504
31	1,25718E-18	2,79666E-10	1	1	1,12124E-09	0,010194415	0,077848329	0,999923003	0,999923003	0,100967397	0,014971099	0,091380847	0,999886925	0,999887515	0,122356441
32	1,33385E-18	1,78039E-10	1	1	1,15492E-09	0,00849892	0,07179673	0,999929454	0,999929454	0,092189589	2,430484568	1,287066373	0,979825643	0,980460451	1,559001144
33	1,8838E-18	3,01888E-10	1	1	1,37252E-09	0,008711152	0,071916178	0,999934867	0,999934867	0,093333554	0,73680073	0,573353402	0,994490937	0,995361151	0,858370975
34	1,1625E-16	1,86625E-09	1	1	1,07819E-08	0,010144696	0,08326504	0,999913737	0,999913737	0,10072088	0,011185509	0,084621406	0,999904887	0,999904889	0,105761565
35	1,52272E-18	3,24915E-10	1	1	1,23398E-09	0,011425254	0,086207614	0,999906244	0,999906244	0,106888981	0,311436771	0,463910502	0,997444331	0,998958658	0,558065204
36	2,67403E-19	8,53723E-11	1	1	5,1711E-10	0,010822312	0,081313452	0,999906813	0,999906813	0,10403034	1,691127816	1,029522427	0,985438373	0,985460071	1,300433703
37	7,38616E-18	7,00511E-10	1	1	2,71775E-09	0,010381788	0,081327857	0,999911556	0,999911556	0,101891059	0,012447633	0,087690091	0,999893956	0,999894054	0,11156896
38	1,21945E-17	1,02159E-09	1	1	3,49206E-09	0,007853478	0,074407656	0,999948953	0,999948953	0,088619851	0,010656	0,082345043	0,999930737	0,999930849	0,103227905
39	7,00916E-18	6,74686E-10	1	1	2,64748E-09	0,00810754	0,071035908	0,999945121	0,999945121	0,090041878	0,354412478	0,481585252	0,997601009	0,997981866	0,595325523
40	1,06743E-17	5,99415E-10	1	1	3,26715E-09	0,010429515	0,081524952	0,999929037	0,999929037	0,102124999	0,708413399	0,602330476	0,995179888	0,995925924	0,841672976
41	1,56029E-18	3,25397E-10	1	1	1,24911E-09	0,009424311	0,075409845	0,999924177	0,999924177	0,097078892	0,010876967	0,079694049	0,99991249	0,999912551	0,104292699
42	3,22039E-18	3,9019E-10	1	1	1,79454E-09	0,007817877	0,067403908	0,999939791	0,999939791	0,088418758	0,009463446	0,079008357	0,999927117	0,999927371	0,097280245
43	3,64578E-19	9,72269E-11	1	1	6,03803E-10	0,007726833	0,067068034	0,999942463	0,999942463	0,087902407	0,010883609	0,079893912	0,999918956	0,999918957	0,104324537
44	4,05787E-18	3,18829E-10	1	1	2,01441E-09	0,009591726	0,077402448	0,99992495	0,99992495	0,097937356	0,010512373	0,079885704	0,999917747	0,999917748	0,102529864
45	3,53562E-18	4,50995E-10	1	1	1,88033E-09	0,009152566	0,075324426	0,999929556	0,999929556	0,095669043	0,011888527	0,088258196	0,999908498	0,999908583	0,109034521
46	1,8067E-17	1,33651E-09	1	1	4,25053E-09	0,009839872	0,080884421	0,999929347	0,999929347	0,099196131	0,15390525	0,330289696	0,998894922	0,998968078	0,392307596
47	2,2863E-19	9,51459E-11	1	1	4,78152E-10	0,008791078	0,070780918	0,999923886	0,999923886	0,09376075	0,009932264	0,077701535	0,999914005	0,999914011	0,099660743
48	2,07444E-18	2,46893E-10	1	1	1,44029E-09	0,010036734	0,078683866	0,999925444	0,999925444	0,100183502	0,011722831	0,080538579	0,999912919	0,999913074	0,108272023
49	9,87976E-18	6,65056E-10	1	1	3,14321E-09	0,009256037	0,075156337	0,999930458	0,999930458	0,096208301	0,01065602	0,082518633	0,99991994	0,999920205	0,103228
50	4,49377E-18	4,8297E-10	1	1	2,11985E-09	0,010291387	0,081533834	0,999917049	0,999917049	0,101446476	0,01012679	0,080382367	0,999918376	0,999918399	0,100631954
51	6,25896E-18	4,05204E-10	1	1	2,50179E-09	0,008480017	0,074333476	0,999932272	0,999932272	0,092087008	0,009141049	0,07791862	0,999926992	0,999926993	0,095608834
52	6,31874E-18	4,2823E-10	1	1	2,51371E-09	0,008470528	0,072096726	0,999930596	0,999930596	0,092035469	1,383442587	0,986494682	0,988664624	0,988741866	1,176198362
53	1,66771E-17	7,34092E-10	1	1	4,08376E-09	0,008500703	0,073904396	0,999933995	0,999933995	0,09219926	2,052023663	1,136295373	0,984066856	0,986677595	1,432488626
54	1,75486E-18	3,66783E-10	1	1	1,32471E-09	0,010684641	0,085979855	0,999921639	0,999921639	0,103366538	0,325215029	0,471223711	0,99761489	0,9982755	0,570276274
55	4,40065E-18	4,43479E-10	1	1	2,09777E-09	0,00903818	0,074773315	0,999929398	0,999929398	0,095069342	0,580095866	0,650492559	0,995468558	0,998707723	0,761640247
56	1,82114E-18	2,40568E-10	1	1	1,3495E-09	0,00991259	0,077691933	0,999926508	0,999926508	0,099561989	0,389824991	0,522930178	0,997109828	0,998720721	0,624359665
57	5,15057E-18	3,85108E-10	1	1	2,26949E-09	0,009480939	0,079376554	0,999928212	0,999928212	0,097370113	0,011817762	0,084858379	0,999910519	0,999910862	0,108709531
58	1,73395E-18	2,46012E-10	1	1	1,31679E-09	0,009968624	0,082324989	0,999927611	0,999927611	0,099842997	0,011719801	0,090447757	0,999914895	0,999915425	0,10825803
59	1,24971E-18	2,05331E-10	1	1	1,1179E-09	0,011454528	0,084176693	0,99991237	0,99991237	0,10702583	0,012122415	0,083620453	0,99990726	0,999907395	0,11010184
60	1,08005E-18	2,90132E-10	1	1	1,03925E-09	0,009725678	0,078324294	0,999933124	0,999933124	0,098618851	0,010786293	0,084004684	0,99992583	0,999925841	0,103857079
61	1,34357E-18	2,79436E-10	1	1	1,15913E-09	0,010143235	0,080039021	0,999921902	0,999921902	0,100713628	0,011864754	0,084014673	0,999908647	0,99990931	0,108925452
62	7,26049E-18	4,00801E-10	1	1	2,69453E-09	0,009988511	0,07630456	0,999926903	0,999926903	0,099942537	0,011357968	0,086359366	0,999916881	0,999916947	0,10657377
63	7,39581E-18	4,52217E-10	1	1	2,71952E-09	0,007772832	0,071802644	0,999935421	0,999935421	0,088163668	0,225410229	0,363381199	0,998127229	0,998176563	0,474773872
64	1,31291E-18	2,16942E-10	1	1	1,14582E-09	0,008973936	0,077544019	0,999931115	0,999931115	0,09473086	0,384863493	0,50078183	0,997045722	0,997505853	0,620373672
65	1,26172E-17	5,08757E-10	1	1	3,55207E-09	0,0098003	0,082355647	0,999929078	0,999929078	0,098996464	0,011279027	0,087220761	0,999918377	0,999918481	0,106202762
66	7,28758E-19	1,43626E-10	1	1	8,53673E-10	0,010532966	0,082478348	0,999929626	0,999929626	0,10263024	0,437639413	0,520783606	0,997076001	0,998180196	0,661543206
67	1,84974E-18	3,23782E-10	1	1	1,36005E-09	0,011103314	0,080119419	0,999919244	0,999919244	0,105372266	0,012560771	0,087049256	0,999908644	0,999908773	0,112074846
68	6,37527E-16	3,63402E-09	1	1	2,52493E-08	0,009553953	0,075933503	0,999920111	0,999920111	0,097744324	0,010403943	0,08081256	0,999913004	0,999913018	0,101999723
69	9,2283E-18	7,60433E-10	1	1	3,03781E-09	0,008595488	0,071222578	0,999924607	0,999924607	0,092711855	0,009718951	0,074863004	0,999914753	0,999915252	0,098584742
70	1,0727E-17	5,01205E-10	1	1	3,27522E-09	0,007258731	0,069704713	0,999943664	0,999943664	0,085198185	0,009954014	0,082524264	0,999922746	0,999922926	0,099769807
71	3,25568E-17	9,23072E-10	1	1	5,70586E-09	0,010422697	0,079448977	0,999935188	0,999935188	0,102091612	0,48853742	0,485606485	0,996962112	0,997145977	0,69895452
72	1,10215E-16	1,61465E-09	1	1	1,04983E-08	0,011809855	0,086339503	0,999910929	0,999910929	0,108673155	0,012772246	0,089084866	0,999903671	0,9999038	0,113014362
73	9,1076E-18	5,32812E-10	1	1	3,01788E-09	0,008459052	0,071817222	0,99993318	0,99993318	0,091973104	0,191149753	0,348815293	0,99849006	0,999249583	0,437206762
74	1,70024E-18	2,72197E-10	1	1	1,30393E-09	0,009522063	0,078873294	0,999936555	0,999936555	0,097581056	0,011498092	0,084919559	0,999923388	0,999923616	0,107229157
75	1,71645E-18	2,11287E-10	1	1	1,31013E-09	0,008773569	0,075398235	0,999935433	0,999935433	0,093667329	0,41451801	0,522233107	0,99694944	0,998288097	0,643830731
76	6,39256E-19	1,72521E-10	1	1	7,99535E-10	0,009970223	0,078876281	0,999918289	0,999918289	0,099851003	0,010957996	0,08392027	0,999910193	0,99991047	0,104680447
77	1,81951E-17	9,08797E-10	1	1	4,26557E-09	0,011599026	0,085470431	0,999921983	0,999921983	0,107698773	0,01442317	0,095417886	0,999902988	0,999903002	0,120096503
78	5,08886E-18	7,88436E-10	1	1	2,25585E-09	0,010899668	0,080378666	0,999921293	0,999921293	0,104401477	0,393341993	0,522186337	0,997159667	0,998266526	0,627169828
79	5,13166E-17	1,08136E-09	1	1	7,16356E-09	0,007610485	0,071060327	0,99994875	0,99994875	0,087238092	0,010416334	0,078451306	0,999929855	0,999930774	0,102060441
80	2,12936E-15	6,5922E-09	1	1	4,6145E-08	0,009066117	0,075585035	0,999935665	0,999935665	0,095216158	0,78003104	0,789387196	0,994464735	0,998834783	0,883193659
81	4,47769E-15	1,17482E-08	1	1	6,69156E-08	0,008638503	0,076301308	0,999943884	0,999943884	0,092943548	0,012170959	0,091784554	0,999920937	0,999920944	0,110322068
82	3,71317E-18	4,06475E-10	1	1	1,92696E-09	0,009468371	0,080135158	0,999941647	0,999941647	0,097305555	0,424761186	0,52601793	0,997382201	0,997425116	0,651737053
83	2,08546E-18	2,20872E-10	1	1	1,44411E-09	0,008962614	0,077641465	0,999932564	0,999932564	0,094671086	0,011020169	0,088121357	0,999917082	0,9999174	0,104976993
84	1,26101E-17	6,56608E-10	1	1	3,55107E-09	0,009421079	0,076616409	0,999933794	0,999933794	0,097062244	0,009310084	0,076523892	0,999934574	0,999935114	0,096488776
85	1,40684E-18	2,92599E-10	1	1	1,1861E-09	0,010126738	0,083214257	0,999926697	0,999926697	0,100631697	0,447632514	0,534447028	0,996759777	0,996793563	0,669053447
86	5,52184E-18	4,85766E-10	1	1	2,34986E-09	0,008597027	0,076153115	0,999939277	0,999939277	0,092720154	0,010737001	0,085026579	0,999924162	0,99992442	0,1036195
87	3,04437E-15	9,34462E-09	1	1	5,51758E-08	0,009644129	0,077183042	0,999924845	0,999924845	0,098204528	0,012351251	0,089044352	0,999903749	0,999904491	0,111136182
88	2,69485E-18	3,94121E-10	1	1	1,6416E-09	0,009880331	0,078399254	0,999921003	0,999921003	0,099399855	0,010215404	0,080924701	0,999918324	0,999918329	0,101071283
89	1,01375E-18	1,93771E-10	1	1	1,00685E-09	0,010079996	0,081871233	0,99992806	0,99992806	0,100399184	0,012254658	0,090860174	0,99991254	0,999912613	0,11070076
90	9,00516E-19	2,91775E-10	1	1	9,48955E-10	0,009795522	0,080305183	0,999939047	0,999939047	0,098972331	0,012741268	0,09013153	0,999920717	0,999920932	0,112877226
91	3,22633E-18	3,88953E-10	1	1	1,7962E-09	0,009393198	0,072873526	0,999943623	0,999943623	0,096918513	0,012873147	0,085560772	0,999922737	0,999922737	0,113459892
92	3,71824E-18	5,72552E-10	1	1	1,92827E-09	0,01223617	0,090644226	0,999902999	0,999902999	0,110617221	0,012663923	0,090487949	0,999899608	0,999899655	0,112534096
93	2,30184E-18	3,82039E-10	1	1	1,51718E-09	0,009431487	0,077266257	0,999937611	0,999937611	0,097115844	0,318482032	0,430280819	0,997893263	0,997897846	0,564342124
94	1,20667E-18	2,29149E-10	1	1	1,09849E-09	0,009597833	0,07951843	0,999930749	0,999930749	0,097968532	0,215720827	0,366621492	0,998443516	0,998485369	0,464457562
95	1,40818E-18	2,92002E-10	1	1	1,18667E-09	0,01096136	0,084010864	0,99991146	0,99991146	0,104696515	0,011334594	0,085721807	0,999908446	0,999908464	0,106464051
96	4,30205E-18	3,06138E-10	1	1	2,07414E-09	0,009104716	0,080043425	0,999924531	0,999924531	0,095418636	0,009647359	0,082070778	0,999920033	0,999920066	0,098220969
97	2,19521E-18	5,79922E-10	1	1	1,48162E-09	0,009878723	0,081848691	0,999921497	0,999921497	0,099391765	0,235866987	0,367201227	0,998125643	0,998798911	0,485661392
98	2,55397E-18	5,90432E-10	1	1	1,59812E-09	0,010228328	0,082378446	0,999923185	0,999923185	0,101135198	0,011933038	0,088592124	0,999910383	0,999910387	0,109238447
99	2,43251E-18	2,80934E-10	1	1	1,55965E-09	0,008689373	0,078295261	0,999934328	0,999934328	0,093216806	0,249643059	0,388489862	0,998113274	0,998135473	0,499642932
100	9,17222E-18	9,84521E-10	1	1	3,02857E-09	0,011216853	0,08272511	0,999919257	0,999919257	0,105909646	0,379768204	0,502581776	0,997266305	0,998559917	0,61625336
101	2,44095E-16	2,21844E-09	1	1	1,56235E-08	0,008784947	0,075069656	0,999941066	0,999941066	0,093728048	0,011964052	0,083395145	0,999919739	0,999919857	0,109380309
102	4,51118E-17	1,10492E-09	1	1	6,71653E-09	0,009570567	0,079174653	0,999922553	0,999922553	0,097829274	0,009998863	0,079986705	0,999919087	0,999919177	0,099994314
103	3,37622E-17	1,01491E-09	1	1	5,81052E-09	0,008528367	0,071976044	0,999940154	0,999940154	0,092349159	0,011042714	0,080384406	0,99992251	0,999922549	0,105084321
104	2,27901E-18	3,07736E-10	1	1	1,50964E-09	0,01258238	0,086632945	0,999920452	0,999920452	0,112171208	0,288119571	0,428448517	0,99817845	0,99866065	0,536767707
105	3,61834E-18	4,37001E-10	1	1	1,90219E-09	0,009706725	0,080022188	0,999929774	0,999929774	0,098522714	0,608028698	0,672284385	0,995601044	0,998460999	0,77976195
106	4,01519E-19	1,26675E-10	1	1	6,33655E-10	0,009692187	0,078416057	0,999929275	0,999929275	0,098448905	0,01209322	0,086956759	0,999911754	0,99991194	0,10996918
107	4,82534E-17	1,15534E-09	1	1	6,94646E-09	0,00945769	0,071993244	0,999926059	0,999926059	0,097250656	0,011654839	0,084484302	0,999908881	0,999909292	0,10795758
108	1,40301E-18	2,5411E-10	1	1	1,18449E-09	0,009707922	0,082755993	0,999931263	0,999931263	0,098528788	0,011313834	0,088958382	0,999919893	0,999920039	0,106366508
109	1,80263E-18	2,49831E-10	1	1	1,34262E-09	0,011080586	0,082203464	0,999897603	0,999897603	0,105264363	0,012546134	0,085310343	0,999884059	0,999884097	0,112009529
110	1,0356E-17	9,86462E-10	1	1	3,21807E-09	0,00976884	0,082150147	0,999935921	0,999935921	0,09883744	0,431521714	0,549499628	0,997169435	0,997574279	0,656903123
111	6,28788E-17	1,4795E-09	1	1	7,92962E-09	0,009884108	0,079973106	0,999918896	0,999918896	0,099418851	0,625234115	0,718292338	0,994869675	0,999103225	0,790717469
112	3,36196E-17	1,13031E-09	1	1	5,79824E-09	0,009835402	0,079228078	0,999924431	0,999924431	0,099173593	0,010211479	0,079004581	0,999921542	0,999922007	0,101051865
113	6,73952E-18	4,07945E-10	1	1	2,59606E-09	0,010595097	0,07919645	0,99991326	0,99991326	0,102932489	0,233434305	0,353824119	0,998088928	0,998184069	0,483150395
114	5,636E-18	3,72461E-10	1	1	2,37403E-09	0,009640353	0,080034421	0,999932792	0,999932792	0,0981853	0,011161632	0,086025277	0,999922187	0,999922368	0,105648627
115	1,12226E-18	1,85461E-10	1	1	1,05937E-09	0,013040573	0,089773101	0,999897518	0,999897518	0,114195326	0,458361026	0,559101048	0,996397865	0,998775304	0,677023653
116	8,68729E-19	2,87982E-10	1	1	9,32057E-10	0,009091291	0,076338847	0,999928805	0,999928805	0,095348263	0,010543302	0,083689919	0,999917434	0,999917566	0,102680582
117	1,47962E-17	8,73557E-10	1	1	3,84659E-09	0,010103192	0,082078291	0,999931196	0,999931196	0,100514635	0,205624566	0,374228483	0,998599673	0,999035959	0,45345845
118	1,45069E-16	2,14371E-09	1	1	1,20445E-08	0,008135102	0,07295377	0,999938326	0,999938326	0,0901948	0,211061896	0,308649212	0,998399899	0,998408645	0,459414732
119	6,24288E-17	1,12479E-09	1	1	7,90119E-09	0,009171203	0,073257155	0,999930916	0,999930916	0,095766397	0,01192262	0,087755806	0,999910191	0,999910197	0,109190752
120	7,22925E-18	7,2183E-10	1	1	2,68873E-09	0,008407484	0,073801734	0,999931973	0,999931973	0,091692333	0,009440064	0,07760585	0,999923618	0,999925332	0,097159993
121	3,46654E-18	3,10423E-10	1	1	1,86186E-09	0,007948114	0,07258695	0,9999369	0,9999369	0,089152193	0,009478643	0,080156951	0,999924749	0,99992475	0,097358324
122	7,35836E-18	5,83422E-10	1	1	2,71263E-09	0,008969019	0,074214339	0,999932813	0,999932813	0,094704902	0,010342104	0,081817061	0,999922527	0,999922731	0,101696133
123	5,37137E-18	6,51659E-10	1	1	2,31762E-09	0,009011618	0,076420536	0,999928283	0,999928283	0,094929541	0,011153208	0,089173336	0,99991124	0,999911841	0,105608751
124	8,11256E-17	1,49245E-09	1	1	9,00697E-09	0,009724136	0,076306439	0,999914008	0,999914008	0,098611036	0,011016449	0,082537932	0,99990258	0,999902639	0,104959271
125	3,78015E-17	1,10463E-09	1	1	6,14829E-09	0,012509876	0,085206847	0,99988922	0,99988922	0,111847557	0,013389991	0,090905769	0,999881426	0,999881697	0,115715127
126	5,21461E-17	1,32469E-09	1	1	7,22122E-09	0,008071514	0,070951301	0,999919596	0,999919596	0,089841603	0,340255769	0,47169062	0,99661057	0,997232035	0,583314469
127	8,19226E-19	1,84023E-10	1	1	9,05111E-10	0,010428157	0,082163835	0,999923806	0,999923806	0,102118347	0,014664108	0,097540557	0,999892856	0,999892953	0,121095451
128	3,1192E-18	5,34639E-10	1	1	1,76613E-09	0,009657669	0,073030798	0,999927361	0,999927361	0,098273439	0,013006134	0,086355574	0,999902175	0,999902175	0,114044439
129	3,46262E-18	4,92927E-10	1	1	1,86081E-09	0,006700429	0,066816504	0,999943951	0,999943951	0,081856151	0,0547403	0,162842691	0,999542101	0,999598788	0,23396645
130	1,76604E-18	2,81463E-10	1	1	1,32892E-09	0,012783833	0,087688033	0,999911684	0,999911684	0,113065612	0,40975727	0,532995332	0,997169227	0,997763717	0,640122855
131	2,42368E-17	1,07762E-09	1	1	4,92309E-09	0,009887966	0,082245313	0,999923864	0,999923864	0,099438252	0,012247137	0,089162768	0,999905699	0,999905764	0,110666784
132	3,39245E-17	9,82115E-10	1	1	5,82447E-09	0,009246478	0,074731426	0,999923825	0,999923825	0,096158608	0,010538792	0,079772452	0,999913178	0,999913238	0,10265862
133	4,45908E-19	1,59335E-10	1	1	6,67763E-10	0,011206749	0,083817962	0,999907275	0,999907275	0,105861934	0,012003799	0,087568678	0,999900681	0,999902634	0,109561849
134	3,85145E-18	4,58932E-10	1	1	1,96251E-09	0,007927176	0,071154967	0,999947285	0,999947285	0,089034692	0,009980671	0,085078486	0,999933629	0,999933849	0,099903306
135	6,84944E-18	6,21552E-10	1	1	2,61714E-09	0,010045855	0,07934644	0,999924648	0,999924648	0,100229015	0,284139349	0,428284454	0,997868731	0,998910132	0,53304723
136	1,42854E-18	2,21972E-10	1	1	1,19522E-09	0,00800975	0,07134689	0,999929798	0,999929798	0,089497204	0,009166623	0,073153506	0,999919658	0,999919659	0,095742481
137	4,15634E-17	1,04082E-09	1	1	6,44697E-09	0,007887713	0,071363815	0,999940619	0,999940619	0,088812799	0,008212969	0,07295909	0,999938171	0,99993846	0,090625433
138	6,3575E-18	3,90053E-10	1	1	2,52141E-09	0,011223475	0,083344284	0,999920191	0,999920191	0,105940902	0,012768961	0,088558299	0,999909202	0,999909222	0,112999828
139	7,98074E-18	4,55216E-10	1	1	2,82502E-09	0,009113509	0,075729233	0,999924903	0,999924903	0,095464702	0,321764148	0,468141445	0,997348609	0,99795782	0,567242583
140	3,61129E-18	4,663E-10	1	1	1,90034E-09	0,011025745	0,084133005	0,999917091	0,999917091	0,105003547	0,012029333	0,088214449	0,999909545	0,999909546	0,109678314
141	7,8769E-19	2,62283E-10	1	1	8,87519E-10	0,009115052	0,077180007	0,999924195	0,999924195	0,095472783	0,009700644	0,078523	0,999919325	0,999919363	0,098491848
142	1,85751E-17	8,80969E-10	1	1	4,30988E-09	0,008202786	0,073064459	0,999934561	0,999934561	0,090569232	0,352092141	0,467147931	0,997191118	0,997222406	0,593373526
143	4,23248E-18	4,07108E-10	1	1	2,0573E-09	0,010392786	0,084398025	0,999925828	0,999925828	0,101945013	0,20609394	0,376280442	0,998529124	0,998667072	0,453975704
144	6,22487E-19	1,50095E-10	1	1	7,88978E-10	0,009922641	0,081411555	0,99991236	0,99991236	0,099612452	0,011057962	0,083197692	0,999902332	0,99990256	0,105156844
145	1,15996E-17	8,34352E-10	1	1	3,40581E-09	0,009280296	0,076213842	0,999931808	0,999931808	0,096334295	0,373649267	0,484417979	0,997254422	0,997561367	0,611268572
146	1,16585E-19	7,67366E-11	1	1	3,41445E-10	0,009801994	0,077488969	0,999916322	0,999916322	0,099005021	0,011801224	0,082376572	0,999899255	0,999899592	0,108633437
147	2,506E-17	9,2222E-10	1	1	5,006E-09	0,009929512	0,079749128	0,999927827	0,999927827	0,099646937	0,011226205	0,085066796	0,999918401	0,99991865	0,105953788
148	7,19474E-19	1,47457E-10	1	1	8,48218E-10	0,008915291	0,078850615	0,999942962	0,999942962	0,094420817	1,517630374	1,063258561	0,990290553	0,990852671	1,231921416
149	9,74585E-16	5,12689E-09	1	1	3,12183E-08	0,012503204	0,088042619	0,999911474	0,999911474	0,111817728	0,015325254	0,099780974	0,999891493	0,999891655	0,123795209
150	8,70429E-18	5,97677E-10	1	1	2,9503E-09	0,009975088	0,080696553	0,999924563	0,999924563	0,099875362	0,00984427	0,079703699	0,999925553	0,99992577	0,099218294
151	3,48182E-18	3,12852E-10	1	1	1,86596E-09	0,008847807	0,074748524	0,999931171	0,999931171	0,094062782	0,008804791	0,074527525	0,999931506	0,999932028	0,093833848
152	9,45105E-19	1,50114E-10	1	1	9,72165E-10	0,011160715	0,085716295	0,999919455	0,999919455	0,105644287	0,364655443	0,434325633	0,997368354	0,997435461	0,603867074
153	9,31168E-18	5,76069E-10	1	1	3,05151E-09	0,007503727	0,065850733	0,999938417	0,999938417	0,086624058	0,008721752	0,073020202	0,999928421	0,999928673	0,09339032
154	2,43103E-18	2,52625E-10	1	1	1,55918E-09	0,012128138	0,08986377	0,999903991	0,999903991	0,110127824	0,012818338	0,092675642	0,999898527	0,99989885	0,1132181
155	1,28914E-16	1,88309E-09	1	1	1,1354E-08	0,007213241	0,067212445	0,999946103	0,999946103	0,084930801	0,00873027	0,075393233	0,999934768	0,999934868	0,093435915
156	1,16153E-17	8,07801E-10	1	1	3,40813E-09	0,008428302	0,075361728	0,999922932	0,999922932	0,091805785	0,009114072	0,077734197	0,999916662	0,999917236	0,095467651
157	3,1171E-17	9,57633E-10	1	1	5,5831E-09	0,009141673	0,074888499	0,999939369	0,999939369	0,095612094	0,013741661	0,090767197	0,99990886	0,999910379	0,11722483
158	5,30972E-18	4,03551E-10	1	1	2,30428E-09	0,010816978	0,078850842	0,999904854	0,999904854	0,104004704	0,01192125	0,084296354	0,999895141	0,999895182	0,109184479
159	7,85567E-16	4,02574E-09	1	1	2,8028E-08	0,008565455	0,074423132	0,999926388	0,999926388	0,092549742	0,009789501	0,080006842	0,999915869	0,999916114	0,098941909
160	3,42884E-19	2,04936E-10	1	1	5,85563E-10	0,011148747	0,085276238	0,999917231	0,999917231	0,105587628	0,012432568	0,091256951	0,9999077	0,999908306	0,111501427
161	1,04319E-17	8,56033E-10	1	1	3,22985E-09	0,0084424	0,072917716	0,999936306	0,999936306	0,091882534	0,339735037	0,467605376	0,997436869	0,99845395	0,582867941
162	2,31455E-17	7,69984E-10	1	1	4,81098E-09	0,009407433	0,078847275	0,999930342	0,999930342	0,096991923	0,010638099	0,08256691	0,99992123	0,999921245	0,10314116
163	2,76718E-17	9,04271E-10	1	1	5,2604E-09	0,011112726	0,0811624	0,999924591	0,999924591	0,105416915	0,013263585	0,090579118	0,999909995	0,99991002	0,115167639
164	1,74674E-18	3,49377E-10	1	1	1,32164E-09	0,008190506	0,071762419	0,999934641	0,999934641	0,090501412	0,202648398	0,297563306	0,998382901	0,998384825	0,450164856
165	1,22938E-17	5,53927E-10	1	1	3,50624E-09	0,010520499	0,080727299	0,999926937	0,999926937	0,102569482	0,012629739	0,090930248	0,999912289	0,999912374	0,11238211
166	5,88377E-19	2,14386E-10	1	1	7,67057E-10	0,011254885	0,089735161	0,999908748	0,999908748	0,106089042	0,16709557	0,335904174	0,998645228	0,998818226	0,40877325
167	1,85476E-18	3,5148E-10	1	1	1,3619E-09	0,009205711	0,076687596	0,999925816	0,999925816	0,095946398	0,01016068	0,0796648	0,999918121	0,999918368	0,1008002
168	2,00723E-18	2,59627E-10	1	1	1,41677E-09	0,010487553	0,083018039	0,999914039	0,999914039	0,102408755	0,311262573	0,46897745	0,997448729	0,998690537	0,557909108
169	1,52005E-16	1,85837E-09	1	1	1,2329E-08	0,008847195	0,071618212	0,999931493	0,999931493	0,09405953	0,010195066	0,076027245	0,999921056	0,99992116	0,100970619
170	1,9691E-16	2,09209E-09	1	1	1,40325E-08	0,012810014	0,094446145	0,999898666	0,999898666	0,11318133	0,013577926	0,094567732	0,999892592	0,999892603	0,116524356
171	1,08013E-18	3,13953E-10	1	1	1,03929E-09	0,01037061	0,076725001	0,999922642	0,999922642	0,101836192	0,010957251	0,083198441	0,999918266	0,999918281	0,104676889
172	1,17358E-18	2,73306E-10	1	1	1,08332E-09	0,01081929	0,081076678	0,999912136	0,999912136	0,104015817	0,011449089	0,083812592	0,999907021	0,999907349	0,107000417
173	7,96112E-19	1,78976E-10	1	1	8,92251E-10	0,010457958	0,079564594	0,999916466	0,999916466	0,102264156	0,012260433	0,086750975	0,999902068	0,999902093	0,110726838
174	3,931E-18	2,95297E-10	1	1	1,98268E-09	0,009927116	0,08048582	0,999933447	0,999933447	0,099634914	0,721164085	0,684869303	0,995165172	0,995183283	0,849213804
175	3,82289E-18	3,82492E-10	1	1	1,95522E-09	0,008362042	0,070375984	0,999938188	0,999938188	0,091444199	0,330012532	0,481125484	0,99756054	0,998891245	0,574467172
176	4,17833E-18	3,97859E-10	1	1	2,0441E-09	0,011014141	0,084969532	0,999914983	0,999914983	0,104948279	0,011829742	0,087105285	0,999908687	0,999908974	0,108764616
177	6,29827E-19	1,70959E-10	1	1	7,93616E-10	0,009064558	0,078812039	0,9999355	0,9999355	0,095207972	0,324595596	0,447164986	0,997690301	0,998172798	0,569732916
178	6,90587E-18	4,69628E-10	1	1	2,6279E-09	0,010690516	0,083825731	0,999910302	0,999910302	0,103394954	0,011953733	0,090321511	0,999899703	0,999899722	0,109333128
179	7,4024E-19	1,59701E-10	1	1	8,60372E-10	0,012622284	0,089542649	0,99991181	0,99991181	0,112348938	0,014343129	0,09711361	0,999899787	0,999899818	0,119762804
180	8,72524E-17	1,48943E-09	1	1	9,3409E-09	0,007013963	0,070509378	0,999948831	0,999948831	0,083749408	0,008992456	0,077519415	0,999934397	0,999935156	0,09482856
181	2,17271E-17	6,94614E-10	1	1	4,66124E-09	0,009521318	0,079322664	0,999923034	0,999923034	0,097577241	0,237376741	0,372591435	0,998081149	0,998545652	0,487213239
182	3,91582E-18	3,49241E-10	1	1	1,97884E-09	0,008974921	0,07536283	0,999914512	0,999914512	0,094736058	0,009765391	0,075880899	0,999906982	0,999906991	0,098819995
183	4,95662E-18	5,31272E-10	1	1	2,22635E-09	0,011324258	0,082402879	0,999918464	0,999918464	0,106415495	0,462681095	0,559826666	0,996668646	0,998134717	0,680206656
184	6,84143E-19	1,81056E-10	1	1	8,27129E-10	0,010021588	0,080485234	0,999913555	0,999913555	0,10010788	0,010450503	0,08121154	0,999909855	0,999909891	0,102227699
185	5,39062E-18	4,609E-10	1	1	2,32177E-09	0,009461378	0,074476299	0,999930821	0,999930821	0,097269614	0,012865324	0,087608905	0,999905933	0,99990642	0,113425412
186	3,39565E-18	3,22055E-10	1	1	1,84273E-09	0,007912483	0,070546558	0,999945503	0,999945503	0,088952141	0,489847225	0,604737035	0,996626215	0,999091533	0,699890866
187	3,44736E-16	2,75324E-09	1	1	1,85671E-08	0,011048558	0,082710512	0,99991796	0,99991796	0,10511212	0,0121399	0,088184605	0,999909857	0,999910516	0,110181216
188	1,929E-17	1,13653E-09	1	1	4,39204E-09	0,012146278	0,08703419	0,999911957	0,999911957	0,110210153	0,012683107	0,093888902	0,999908065	0,99990846	0,112619303
189	1,5299E-18	1,95234E-10	1	1	1,23689E-09	0,007785372	0,070274048	0,999944474	0,999944474	0,088234754	0,011111899	0,085916662	0,999920749	0,999920784	0,105412991
190	1,85888E-18	2,55605E-10	1	1	1,36341E-09	0,009411952	0,076481996	0,999930971	0,999930971	0,097015215	0,630254097	0,656144478	0,995377583	0,998125153	0,793885443
191	5,52761E-18	3,56006E-10	1	1	2,35109E-09	0,01126192	0,082526097	0,999926494	0,999926494	0,106122194	0,283677387	0,425900438	0,998148448	0,998605172	0,532613731
192	3,94512E-18	2,85448E-10	1	1	1,98623E-09	0,009229105	0,076214183	0,999925545	0,999925545	0,096068233	0,358170821	0,512988962	0,997110495	0,997393009	0,598473743
193	9,80879E-18	5,79933E-10	1	1	3,1319E-09	0,01034519	0,078570296	0,999905455	0,999905455	0,101711306	0,011232707	0,084228505	0,999897344	0,999897345	0,105984466
194	9,41874E-19	1,49221E-10	1	1	9,70502E-10	0,007573821	0,071250948	0,999941503	0,999941503	0,087027702	0,00901956	0,077141704	0,999930336	0,999930342	0,094971362
195	1,0519E-18	1,58082E-10	1	1	1,02562E-09	0,008857903	0,07232341	0,999931609	0,999931609	0,094116436	0,009916408	0,074926251	0,999923436	0,999923709	0,099581164
196	1,67596E-18	3,16519E-10	1	1	1,29459E-09	0,012350142	0,08698476	0,999903883	0,999903883	0,111131194	0,013028196	0,091515334	0,999898606	0,999898638	0,114141122
197	1,13043E-17	6,56323E-10	1	1	3,36219E-09	0,010182404	0,078685679	0,99992335	0,99992335	0,100907898	0,353596291	0,492334759	0,997338241	0,997792635	0,594639631
198	1,97296E-18	3,80377E-10	1	1	1,40462E-09	0,011420271	0,082792079	0,999908682	0,999908682	0,106865667	0,01257368	0,088118701	0,999899459	0,999899979	0,112132423
199	3,36003E-18	4,51575E-10	1	1	1,83304E-09	0,010276508	0,078516393	0,99992558	0,99992558	0,101373111	0,012226627	0,088050474	0,999911458	0,999911504	0,11057408
200	1,6587E-18	4,01446E-10	1	1	1,28791E-09	0,008767713	0,072874312	0,999925699	0,999925699	0,093636069	0,009943652	0,080107504	0,999915734	0,99991594	0,099717862
201	2,48745E-18	3,03167E-10	1	1	1,57717E-09	0,006691622	0,067430383	0,999948637	0,999948637	0,081802332	0,008054783	0,073537409	0,999938174	0,999938191	0,089748441
202	4,12432E-17	9,26869E-10	1	1	6,42208E-09	0,009288336	0,079316511	0,999932509	0,999932509	0,096376012	0,009844554	0,081546141	0,999928467	0,999928474	0,099219725
203	2,64831E-18	5,11789E-10	1	1	1,62736E-09	0,009293019	0,078193361	0,999931308	0,999931308	0,096400307	0,012202647	0,08392626	0,999909801	0,999910172	0,110465592
204	9,10284E-19	1,80836E-10	1	1	9,54088E-10	0,008282863	0,072071083	0,999936441	0,999936441	0,091010237	0,266709761	0,414342157	0,997953383	0,998269593	0,516439504
205	1,48647E-18	3,08692E-10	1	1	1,21921E-09	0,008200031	0,071196711	0,999933937	0,999933937	0,09055402	0,249620133	0,420850737	0,99798895	0,998004883	0,499619989
206	1,44507E-18	2,2961E-10	1	1	1,20211E-09	0,012643478	0,088269462	0,999911095	0,999911095	0,112443223	0,014004633	0,094161819	0,999901524	0,999901543	0,118341173
207	1,62985E-18	1,89508E-10	1	1	1,27665E-09	0,008471942	0,073500236	0,999936842	0,999936842	0,092043154	0,010120688	0,080955303	0,999924551	0,999924983	0,100601633
208	1,11929E-18	3,82727E-10	1	1	1,05797E-09	0,010096967	0,079884719	0,999929143	0,999929143	0,100483665	0,256208705	0,42295525	0,998202025	0,998328013	0,506170628
209	3,97744E-17	2,04883E-09	1	1	6,3067E-09	0,006786979	0,069122257	0,999943275	0,999943275	0,082383123	0,00744876	0,072349234	0,999937743	0,999937783	0,086306199
210	1,01726E-17	4,75455E-10	1	1	3,18946E-09	0,00983075	0,077907286	0,999920212	0,999920212	0,099150139	0,282191174	0,42086178	0,997709702	0,997710115	0,531216692
211	2,08991E-18	3,46962E-10	1	1	1,44565E-09	0,009604013	0,07822895	0,999924894	0,999924894	0,098000069	0,011347019	0,085944394	0,999911263	0,999911587	0,106522386
212	1,6617E-17	1,0141E-09	1	1	4,07639E-09	0,007717856	0,064642333	0,999929394	0,999929394	0,087851326	0,011169222	0,08408742	0,99989782	0,99989783	0,105684542
213	3,96794E-18	6,37915E-10	1	1	1,99197E-09	0,011055199	0,084175919	0,999913725	0,999913725	0,105143705	0,012619771	0,090099398	0,999901515	0,999902409	0,112337754
214	2,60622E-18	5,10932E-10	1	1	1,61438E-09	0,011026711	0,082876377	0,999912026	0,999912026	0,105008149	0,012910428	0,088415827	0,999896997	0,999897443	0,113624063
215	5,94165E-19	2,20093E-10	1	1	7,70821E-10	0,009735559	0,080130153	0,999937213	0,999937213	0,098668935	0,009967356	0,081331155	0,999935718	0,999935977	0,099836645
216	6,43564E-17	1,18754E-09	1	1	8,02224E-09	0,012188632	0,092930028	0,99990181	0,99990181	0,110402139	0,493302129	0,576434623	0,996026041	0,996507755	0,702354703
217	1,27447E-17	9,26029E-10	1	1	3,56997E-09	0,008255945	0,070034854	0,999928921	0,999928921	0,090862232	0,411296171	0,51822921	0,996458992	0,998175796	0,641323764
218	4,99848E-18	5,80464E-10	1	1	2,23573E-09	0,009629943	0,078994186	0,999933763	0,999933763	0,098132275	0,012319866	0,087952578	0,999915262	0,999915294	0,11099489
219	4,75882E-18	3,70218E-10	1	1	2,18147E-09	0,011828384	0,088054893	0,999895878	0,999895878	0,108758374	1,319212017	0,880786793	0,988387309	0,988791135	1,148569553
220	2,00964E-18	2,73821E-10	1	1	1,41762E-09	0,010095956	0,077377552	0,999922313	0,999922313	0,100478635	0,011971585	0,082788821	0,99990788	0,999907881	0,109414737
221	6,57572E-19	1,39557E-10	1	1	8,10908E-10	0,011257246	0,086109892	0,999919127	0,999919127	0,106100171	0,45698158	0,575102986	0,996717021	0,997604282	0,676004127
222	5,08227E-18	5,82303E-10	1	1	2,25439E-09	0,011171084	0,080785404	0,999915842	0,999915842	0,105693348	0,01490724	0,096044454	0,999887695	0,999888318	0,122095209
223	2,76609E-16	2,40011E-09	1	1	1,66316E-08	0,008690783	0,07555757	0,999920881	0,999920881	0,09322437	0,009311703	0,075424528	0,999915228	0,999915727	0,096497167
224	1,31433E-18	2,24909E-10	1	1	1,14644E-09	0,007561835	0,068340527	0,999940926	0,999940926	0,08695881	0,009536651	0,078671942	0,999925498	0,999925529	0,097655776
225	1,08543E-17	8,61942E-10	1	1	3,29458E-09	0,009900412	0,082259584	0,999920228	0,999920228	0,099500812	1,250160867	0,867018608	0,989926862	0,989931297	1,118105928
226	3,56704E-18	5,40075E-10	1	1	1,88866E-09	0,009357596	0,078557979	0,999923746	0,999923746	0,096734666	0,011267739	0,087295833	0,99990818	0,999908387	0,106149608
227	1,93863E-18	2,33078E-10	1	1	1,39235E-09	0,009742308	0,076077837	0,999920566	0,999920566	0,098703132	0,010070038	0,079574989	0,999917893	0,999917952	0,100349581
228	1,87895E-18	3,43926E-10	1	1	1,37075E-09	0,009285504	0,078272695	0,99992665	0,99992665	0,09636132	0,0108296	0,085038038	0,999914453	0,999914511	0,104065364
229	1,12114E-18	2,31689E-10	1	1	1,05884E-09	0,008567657	0,074562844	0,999930076	0,999930076	0,09256164	0,009563526	0,078834009	0,999921949	0,999921978	0,097793281
230	1,73622E-18	2,18831E-10	1	1	1,31766E-09	0,00980671	0,076634425	0,999940773	0,999940773	0,099028835	0,013030863	0,089064782	0,999921301	0,999921366	0,114152805
231	2,14271E-18	2,37926E-10	1	1	1,4638E-09	0,008472871	0,072906372	0,999931339	0,999931339	0,092048199	0,009174507	0,073678708	0,999925653	0,999925932	0,095783644
232	3,60986E-18	3,29857E-10	1	1	1,89996E-09	0,008892578	0,073557279	0,999918384	0,999918384	0,094300466	0,010118379	0,076145447	0,999907133	0,999907837	0,100590153
233	2,28486E-18	3,44672E-10	1	1	1,51157E-09	0,006711852	0,063116829	0,999949138	0,999949138	0,081925894	0,007929361	0,071517653	0,999939912	0,999940051	0,089046961
234	2,31235E-18	2,70152E-10	1	1	1,52064E-09	0,009780164	0,081283947	0,999937943	0,999937943	0,09889471	0,012775945	0,088276122	0,999918934	0,999918966	0,113030728
235	7,01648E-18	4,80109E-10	1	1	2,64886E-09	0,008391815	0,077675969	0,999934051	0,999934051	0,091606848	0,009329746	0,080298989	0,99992668	0,999926923	0,096590611
236	5,8462E-18	6,44895E-10	1	1	2,41789E-09	0,011598917	0,089516128	0,999900732	0,999900732	0,107698269	0,012470956	0,092849758	0,999893268	0,99989395	0,111673433
237	2,32338E-18	3,58071E-10	1	1	1,52427E-09	0,009230596	0,078429345	0,999928799	0,999928799	0,09607599	0,010944996	0,086044328	0,999915575	0,999915578	0,104618337
238	1,39664E-17	9,11676E-10	1	1	3,73716E-09	0,009890298	0,079268345	0,999927943	0,999927943	0,099449979	0,166307819	0,325682757	0,998788346	0,998910378	0,407808557
239	2,53225E-18	3,7037E-10	1	1	1,5913E-09	0,00812014	0,070613781	0,999932968	0,999932968	0,090111817	0,207941006	0,374335901	0,998283449	0,998286253	0,456005489
240	2,73197E-18	3,58729E-10	1	1	1,65287E-09	0,010709781	0,08308217	0,999909232	0,999909232	0,103488074	0,012940197	0,091926438	0,999890329	0,999890368	0,113754987
241	5,01922E-18	4,81316E-10	1	1	2,24036E-09	0,007068947	0,067405398	0,999940285	0,999940285	0,084077032	0,215644228	0,35946316	0,998178351	0,998299565	0,464375094
242	4,53413E-18	4,28327E-10	1	1	2,12935E-09	0,010533501	0,08277811	0,999920793	0,999920793	0,102632847	0,012949351	0,088915371	0,999902627	0,999902933	0,113795213
243	8,01301E-18	4,5807E-10	1	1	2,83073E-09	0,008298478	0,075621254	0,999938625	0,999938625	0,09109598	0,008769842	0,076077246	0,999935139	0,99993521	0,093647436
244	4,3493E-19	1,38327E-10	1	1	6,59492E-10	0,009606272	0,077482156	0,99992318	0,99992318	0,098011589	0,011113622	0,083127351	0,999911126	0,999912355	0,105421164
245	6,53052E-18	4,82689E-10	1	1	2,55549E-09	0,00872979	0,074857505	0,999932642	0,999932642	0,093433345	0,010852544	0,080952659	0,999916263	0,999916264	0,104175545
246	1,25614E-17	9,09541E-10	1	1	3,54421E-09	0,011906394	0,087734659	0,999907624	0,999907624	0,109116424	0,522930456	0,426000429	0,995942824	0,996386305	0,723139306
247	1,24269E-18	3,39504E-10	1	1	1,11476E-09	0,011004857	0,086135492	0,999905463	0,999905463	0,104904035	0,302085037	0,467805713	0,997404945	0,999050934	0,549622632
248	3,98654E-18	4,07562E-10	1	1	1,99663E-09	0,008055604	0,074741299	0,999945232	0,999945232	0,089753019	0,593938286	0,648290234	0,995961949	0,996054459	0,770673916
249	2,82581E-19	8,20219E-11	1	1	5,31584E-10	0,011748582	0,08207575	0,999908142	0,999908142	0,108390877	0,013110049	0,087725996	0,999897497	0,999897857	0,114499122
250	5,20352E-20	4,30203E-11	1	1	2,28112E-10	0,010567294	0,082112755	0,99992075	0,99992075	0,102797344	0,011750449	0,087314872	0,999911877	0,999911886	0,10839949
251	1,0649E-17	8,47447E-10	1	1	3,26328E-09	0,011863642	0,08875141	0,999915375	0,999915375	0,108920346	0,01382336	0,095240331	0,999901396	0,999901596	0,117572784
252	2,999E-19	9,8205E-11	1	1	5,47632E-10	0,008191583	0,072127281	0,999934361	0,999934361	0,090507362	0,008955491	0,073339107	0,999928239	0,999928376	0,094633453
253	6,51412E-18	7,5901E-10	1	1	2,55228E-09	0,009420381	0,076556597	0,999926896	0,999926896	0,097058648	0,009826675	0,077797497	0,999923744	0,99992375	0,099129587
254	1,28312E-17	6,00427E-10	1	1	3,58207E-09	0,010316912	0,081019816	0,999907868	0,999907868	0,101572203	0,013306554	0,08916358	0,99988117	0,99988125	0,115354037
255	2,48144E-18	3,7157E-10	1	1	1,57526E-09	0,009281451	0,076861194	0,99993188	0,99993188	0,096340286	0,00990205	0,078919647	0,999927325	0,999927348	0,099509043
256	1,4319E-17	5,42404E-10	1	1	3,78404E-09	0,009573106	0,075424338	0,999928035	0,999928035	0,097842251	0,01055423	0,084660221	0,99992066	0,999921381	0,102733781
257	9,76748E-18	7,17707E-10	1	1	3,1253E-09	0,013419254	0,094796797	0,999900937	0,999900937	0,115841504	0,014364322	0,097776454	0,99989396	0,999894389	0,11985125
258	2,33343E-18	4,77876E-10	1	1	1,52756E-09	0,012551056	0,091570155	0,999889985	0,999889985	0,112031494	0,013301055	0,093343401	0,999883411	0,9998836	0,115330201
259	9,75985E-18	7,67883E-10	1	1	3,12408E-09	0,010542653	0,082220986	0,999919063	0,999919063	0,102677424	2,038223281	1,197138512	0,984352308	0,99447936	1,427663574
260	4,09524E-19	1,66481E-10	1	1	6,3994E-10	0,009628468	0,079423107	0,999930275	0,999930275	0,098124758	0,402232547	0,468982231	0,997087223	0,997087391	0,634218059
261	2,61722E-18	5,20549E-10	1	1	1,61778E-09	0,007012719	0,065906886	0,999948033	0,999948033	0,083741979	0,008189814	0,072295033	0,99993931	0,99993951	0,090497593
262	1,31264E-18	3,28142E-10	1	1	1,1457E-09	0,009421275	0,076645003	0,999930218	0,999930218	0,097063253	0,011765032	0,086233818	0,999912858	0,999913436	0,108466732
263	6,20515E-18	4,74214E-10	1	1	2,49101E-09	0,007800834	0,070164718	0,999945701	0,999945701	0,088322328	0,009439475	0,074181581	0,999934295	0,999934297	0,097156961
264	6,03409E-18	4,45617E-10	1	1	2,45644E-09	0,008197488	0,07445023	0,999940852	0,999940852	0,090539982	0,008955229	0,078814979	0,999935384	0,999935393	0,094632074
265	3,42317E-18	5,02115E-10	1	1	1,85018E-09	0,013190154	0,096059561	0,999890423	0,999890423	0,114848394	0,01436239	0,09642783	0,999880685	0,999880825	0,119843189
266	2,1515E-17	1,05006E-09	1	1	4,63842E-09	0,009994009	0,079257003	0,999938689	0,999938689	0,09997004	0,516046775	0,563371489	0,996834191	0,997300459	0,718363957
267	6,30967E-19	1,43657E-10	1	1	7,94334E-10	0,01244381	0,088986273	0,999897219	0,999897219	0,111551827	0,440123786	0,517558907	0,996364746	0,996812584	0,663418259
268	3,90935E-18	3,91422E-10	1	1	1,97721E-09	0,010537558	0,084692457	0,999911567	0,999911567	0,102652609	0,010764948	0,087536548	0,999909659	0,999909676	0,103754267
269	2,45661E-18	3,10328E-10	1	1	1,56736E-09	0,008453011	0,073751671	0,99993287	0,99993287	0,091940258	0,140696621	0,294708384	0,998882658	0,998885585	0,375095483
270	2,09216E-17	9,39598E-10	1	1	4,57402E-09	0,00834222	0,073668583	0,999938155	0,999938155	0,091335755	0,383775853	0,453271484	0,997154898	0,997367466	0,619496451
271	2,43737E-18	2,7362E-10	1	1	1,56121E-09	0,008753987	0,073838024	0,999931664	0,999931664	0,093562742	0,011970544	0,084118731	0,999906555	0,999906641	0,10940998
272	2,83523E-18	3,33736E-10	1	1	1,68381E-09	0,009651194	0,080612841	0,999928393	0,999928393	0,09824049	0,01235624	0,090006027	0,999908323	0,999908341	0,111158628
273	8,55541E-19	2,41478E-10	1	1	9,24954E-10	0,010711456	0,080024316	0,999911699	0,999911699	0,103496163	0,012328353	0,085826119	0,99989837	0,999898936	0,111033116
274	2,76065E-17	8,69112E-10	1	1	5,25419E-09	0,010314891	0,081188403	0,999925065	0,999925065	0,101562251	0,011237049	0,084013037	0,999918366	0,999918377	0,106004946
275	1,41119E-17	9,40177E-10	1	1	3,75658E-09	0,008911797	0,073276296	0,999931529	0,999931529	0,094402312	0,010095609	0,078452597	0,999922434	0,999922449	0,100476908
276	9,41265E-18	4,98131E-10	1	1	3,068E-09	0,009618712	0,079252114	0,999935029	0,999935029	0,098075031	0,278304615	0,412171901	0,998120138	0,998127173	0,527545841
277	4,81671E-18	3,40513E-10	1	1	2,1947E-09	0,008907637	0,074242584	0,999922974	0,999922974	0,094380278	0,429715966	0,533783062	0,996284186	0,997199326	0,655527243
278	2,55505E-19	8,42822E-11	1	1	5,05475E-10	0,011185741	0,081588037	0,999917243	0,999917243	0,105762665	0,01279075	0,090538455	0,999905368	0,999905479	0,113096197
279	9,39013E-19	1,54321E-10	1	1	9,69027E-10	0,010148671	0,081539303	0,999905726	0,999905726	0,100740612	0,012221302	0,089926014	0,999886472	0,999886583	0,110549997
280	4,18804E-18	5,15843E-10	1	1	2,04647E-09	0,009674936	0,07627073	0,999909323	0,999909323	0,098361255	0,164727158	0,318703323	0,998456122	0,998558498	0,405865936
281	2,93242E-18	3,51575E-10	1	1	1,71243E-09	0,009870375	0,080702468	0,999904824	0,999904824	0,099349763	0,010539244	0,084030731	0,999898375	0,999898411	0,102660819
282	3,18658E-18	5,25356E-10	1	1	1,7851E-09	0,007153953	0,066185141	0,999946595	0,999946595	0,084581043	0,009655945	0,078428926	0,999927918	0,99992855	0,098264667
283	4,12419E-18	4,69304E-10	1	1	2,03081E-09	0,009103624	0,077973933	0,999934888	0,999934888	0,095412913	0,010076971	0,078438513	0,999927926	0,999928092	0,100384115
284	1,44932E-18	2,25555E-10	1	1	1,20388E-09	0,008857613	0,07503576	0,999939401	0,999939401	0,09411489	0,010662304	0,083372772	0,999927054	0,999927058	0,103258433
285	2,19521E-16	2,94391E-09	1	1	1,48162E-08	0,010166426	0,079991426	0,999923262	0,999923262	0,100828698	0,011837909	0,086935721	0,999910645	0,999910745	0,108802153
286	3,03608E-19	1,15751E-10	1	1	5,51006E-10	0,009739114	0,07921082	0,999929472	0,999929472	0,098686947	0,012021508	0,085693553	0,999912944	0,999913209	0,109642638
287	2,44336E-18	5,03385E-10	1	1	1,56312E-09	0,010558491	0,084943493	0,999917546	0,999917546	0,10275452	0,01143894	0,08615553	0,999910671	0,99991081	0,10695298
288	3,01796E-18	3,38677E-10	1	1	1,73723E-09	0,008831173	0,077692489	0,999926963	0,999926963	0,09397432	0,676358616	0,667676161	0,994406295	0,99624624	0,822410248
289	2,62771E-17	1,14875E-09	1	1	5,12612E-09	0,009284015	0,077345802	0,999923133	0,999923133	0,096353595	0,354186199	0,468120107	0,997067505	0,997742324	0,595135446
290	3,90342E-18	3,77332E-10	1	1	1,97571E-09	0,010690176	0,080650737	0,999931677	0,999931677	0,103393308	0,014380185	0,087265499	0,999908094	0,999908321	0,119917411
291	1,5419E-18	2,24978E-10	1	1	1,24173E-09	0,011235888	0,084546746	0,999908071	0,999908071	0,10599947	0,012588136	0,090012991	0,999897008	0,999897012	0,112196864
292	9,73276E-18	4,54309E-10	1	1	3,11974E-09	0,008982308	0,07464147	0,999921962	0,999921962	0,094775038	0,447973668	0,521916147	0,996107997	0,996217056	0,669308351
293	1,89753E-18	2,65981E-10	1	1	1,37751E-09	0,01158487	0,087766958	0,999925266	0,999925266	0,107633035	1,253699346	0,935592043	0,991912353	0,993133732	1,119687164
294	1,25551E-17	5,82989E-10	1	1	3,54331E-09	0,008442985	0,070474102	0,999931554	0,999931554	0,091885717	0,01022519	0,078601138	0,999917106	0,999917111	0,10111968
295	7,05158E-18	8,0308E-10	1	1	2,65548E-09	0,009368896	0,076500232	0,999947758	0,999947758	0,096793057	0,246693736	0,354748001	0,998624397	0,998949597	0,496682732
296	7,49494E-19	1,55531E-10	1	1	8,65733E-10	0,010613708	0,082354025	0,999932121	0,999932121	0,103022851	0,015407587	0,094722858	0,999901461	0,999902135	0,124127301
297	1,14089E-17	5,29221E-10	1	1	3,37771E-09	0,007152708	0,070646826	0,999942829	0,999942829	0,084573685	0,007896997	0,073638266	0,99993688	0,999937445	0,088865048
298	8,26157E-18	5,54271E-10	1	1	2,87429E-09	0,012304231	0,093131404	0,999908497	0,999908497	0,110924437	0,29611157	0,447801495	0,997797899	0,998151072	0,544161346
299	1,24263E-17	6,64039E-10	1	1	3,52509E-09	0,009201324	0,074328113	0,9999282	0,9999282	0,095923532	0,342884963	0,462959509	0,997324394	0,998492893	0,585563799
300	1,8456E-18	4,03908E-10	1	1	1,35853E-09	0,011121934	0,084602938	0,999916941	0,999916941	0,105460581	0,011548756	0,084451393	0,999913753	0,999913966	0,107465139
301	1,04439E-18	2,12238E-10	1	1	1,02195E-09	0,011606011	0,088253558	0,999919369	0,999919369	0,107731197	0,012261565	0,089468257	0,999914814	0,999915554	0,11073195
302	4,00042E-16	3,4205E-09	1	1	2,00011E-08	0,012635877	0,092479424	0,999909678	0,999909678	0,112409417	1,427536344	0,940475436	0,989795886	0,99000801	1,194795524
303	9,87482E-19	2,49349E-10	1	1	9,93721E-10	0,009863438	0,080707044	0,999934046	0,999934046	0,099314844	1,460192197	1,016042952	0,990236048	0,991410743	1,208384126
304	4,10111E-18	3,57105E-10	1	1	2,02512E-09	0,008421823	0,074289746	0,999938459	0,999938459	0,091770493	0,470626594	0,537708376	0,996560969	0,997198085	0,686022299
305	1,44287E-18	3,71346E-10	1	1	1,2012E-09	0,008989271	0,076315371	0,99993187	0,99993187	0,094811765	0,359500329	0,479627593	0,997275316	0,998598315	0,599583463
306	3,64277E-18	2,87385E-10	1	1	1,9086E-09	0,009631433	0,075692302	0,999929728	0,999929728	0,098139863	0,464188813	0,442242473	0,996613205	0,996902999	0,681314034
307	1,41877E-18	2,53637E-10	1	1	1,19112E-09	0,010757483	0,080039232	0,999914842	0,999914842	0,103718286	0,407096468	0,537829616	0,996777358	0,998198179	0,638041117
308	9,0414E-19	2,00691E-10	1	1	9,50863E-10	0,008705095	0,077925464	0,999929599	0,999929599	0,0933011	0,010171388	0,082245703	0,999917741	0,999917778	0,1008533
309	7,44534E-18	5,0062E-10	1	1	2,72862E-09	0,009838082	0,080760978	0,999927029	0,999927029	0,099187105	0,010635806	0,082778555	0,999921112	0,999921251	0,103130043
310	3,89943E-18	3,31913E-10	1	1	1,9747E-09	0,011127352	0,084736691	0,999917127	0,999917127	0,105486263	0,013325958	0,088795055	0,999900753	0,999901271	0,115438113
311	8,90366E-18	4,85116E-10	1	1	2,9839E-09	0,01020553	0,083327891	0,999931479	0,999931479	0,101022422	1,866889214	0,981983403	0,987465524	0,988747424	1,366341544
312	1,70316E-18	3,80163E-10	1	1	1,30505E-09	0,009564688	0,078973322	0,999916066	0,999916066	0,097799224	0,010757846	0,085565967	0,999905595	0,999905988	0,103720039
313	4,2637E-18	4,39958E-10	1	1	2,06487E-09	0,011559224	0,08663671	0,999900361	0,999900361	0,107513834	0,363597661	0,503208981	0,996865826	0,99716014	0,602990598
314	1,09027E-17	5,11956E-10	1	1	3,30192E-09	0,010858392	0,079705613	0,999923548	0,999923548	0,10420361	0,013418972	0,09109679	0,99990552	0,99990552	0,115840287
315	7,69486E-18	6,24228E-10	1	1	2,77396E-09	0,009099551	0,078169508	0,999935267	0,999935267	0,095391566	0,010988211	0,088582052	0,999921831	0,999921949	0,104824667
316	4,168E-18	4,74207E-10	1	1	2,04157E-09	0,010095188	0,083432093	0,999926485	0,999926485	0,100474815	0,296231477	0,44295923	0,997842776	0,99807973	0,54427151
317	5,43943E-18	4,83777E-10	1	1	2,33226E-09	0,012474185	0,086429262	0,999904962	0,999904962	0,111687891	0,167018704	0,326129535	0,998727516	0,999136951	0,408679219
318	1,0604E-18	2,67323E-10	1	1	1,02976E-09	0,010367531	0,083442396	0,999920422	0,999920422	0,101821071	0,010332419	0,084078173	0,999920691	0,999920694	0,101648508
319	3,38429E-18	4,62039E-10	1	1	1,83964E-09	0,011592591	0,084696357	0,999919713	0,999919713	0,107668894	0,013815444	0,091116441	0,999904318	0,999904332	0,117539118
320	4,87299E-17	1,37289E-09	1	1	6,98068E-09	0,010022946	0,077773118	0,999930803	0,999930803	0,100114666	0,012833429	0,087903449	0,9999114	0,999911436	0,113284724
321	4,55088E-18	7,08324E-10	1	1	2,13328E-09	0,008943559	0,075832368	0,999928011	0,999928011	0,094570391	0,893450881	0,727688741	0,992808429	0,992937939	0,945225307
322	1,04518E-17	9,90999E-10	1	1	3,23292E-09	0,008865748	0,073466759	0,999932988	0,999932988	0,094158102	0,010931906	0,08295357	0,999917371	0,999917373	0,104555757
323	6,83327E-17	1,63468E-09	1	1	8,26636E-09	0,008531004	0,072146465	0,999933737	0,999933737	0,092363434	0,367801716	0,445137623	0,997143188	0,997158483	0,606466583
324	1,47059E-18	3,1382E-10	1	1	1,21268E-09	0,009042543	0,077483794	0,999932096	0,999932096	0,095092289	0,010787798	0,083559734	0,99991899	0,999919	0,103864323
325	5,25196E-19	1,44982E-10	1	1	7,24704E-10	0,011046588	0,084240432	0,999924931	0,999924931	0,105102748	1,983694042	1,05381621	0,986519381	0,9877381	1,408436737
326	1,75407E-19	6,64939E-11	1	1	4,18816E-10	0,010872188	0,083965525	0,999917993	0,999917993	0,104269786	0,837508817	0,777950539	0,993682816	0,998183625	0,915155078
327	4,48861E-17	1,53634E-09	1	1	6,69971E-09	0,011005081	0,081001246	0,999908156	0,999908156	0,104905106	0,192234838	0,336615839	0,998395685	0,998479345	0,438445935
328	6,70902E-19	2,07483E-10	1	1	8,19086E-10	0,010684829	0,08345671	0,999920828	0,999920828	0,103367445	0,012713775	0,090027931	0,999905794	0,999905866	0,112755376
329	3,83145E-19	1,14958E-10	1	1	6,18987E-10	0,008919396	0,076604916	0,999942654	0,999942654	0,094442556	1,963471573	1,197788384	0,987376068	0,988076874	1,401239299
330	1,09033E-18	3,44601E-10	1	1	1,04419E-09	0,009943992	0,081184486	0,999928831	0,999928831	0,099719568	0,012057583	0,085903277	0,999913705	0,999914159	0,109807028
331	7,419E-19	1,33565E-10	1	1	8,61336E-10	0,010552532	0,081823564	0,999925113	0,999925113	0,102725518	0,012588085	0,086311195	0,999910668	0,99991067	0,112196637
332	9,89498E-19	1,95204E-10	1	1	9,94735E-10	0,009227834	0,078712957	0,999921372	0,999921372	0,096061617	1,509009353	0,827359596	0,987142138	0,988965152	1,228417418
333	5,79011E-19	2,87617E-10	1	1	7,60928E-10	0,00732954	0,069137257	0,999937895	0,999937895	0,085612731	0,00966921	0,075830719	0,99991807	0,999918359	0,098332141
334	2,64739E-17	1,06053E-09	1	1	5,14528E-09	0,011435169	0,082813586	0,999917122	0,999917122	0,106935349	0,012523393	0,088848282	0,999909235	0,99990924	0,111907966
335	6,99731E-17	1,73923E-09	1	1	8,36499E-09	0,010413275	0,081390956	0,999915597	0,999915597	0,102045454	0,011671415	0,084510682	0,999905399	0,999905466	0,108034324
336	2,33433E-18	2,43758E-10	1	1	1,52785E-09	0,007256218	0,069649746	0,999948103	0,999948103	0,085183438	0,008247686	0,074390755	0,999941012	0,999941019	0,090816771
337	8,90974E-19	2,01283E-10	1	1	9,43914E-10	0,013457579	0,088708603	0,999874871	0,999874871	0,116006804	0,013466606	0,08835723	0,999874787	0,999874991	0,116045705
338	3,69009E-18	3,98004E-10	1	1	1,92096E-09	0,009367293	0,07484636	0,99992595	0,99992595	0,096784777	0,387948114	0,499833881	0,996933216	0,99744138	0,622854809
339	2,24285E-19	8,27422E-11	1	1	4,73588E-10	0,010305295	0,081855495	0,999920101	0,999920101	0,101514998	0,012261956	0,086323259	0,99990493	0,999905058	0,110733718
340	3,81049E-19	1,04454E-10	1	1	6,17291E-10	0,011802969	0,0874044	0,999918054	0,999918054	0,108641468	0,014606468	0,095350571	0,99989859	0,999898905	0,120857223
341	1,29235E-18	2,7608E-10	1	1	1,13681E-09	0,009576972	0,078087588	0,999934073	0,999934073	0,097862007	0,011663824	0,087698122	0,999919707	0,999920255	0,107999185
342	1,93406E-18	3,09049E-10	1	1	1,39071E-09	0,010295612	0,081478632	0,999913645	0,999913645	0,101467296	0,35068609	0,430541233	0,997058615	0,997064694	0,592187547
343	2,49844E-17	7,3108E-10	1	1	4,99844E-09	0,010100253	0,077784758	0,999932634	0,999932634	0,100500016	0,014072315	0,09699069	0,999906142	0,999906142	0,11862679
344	8,27588E-18	6,3775E-10	1	1	2,87678E-09	0,009216666	0,076527275	0,999930174	0,999930174	0,096003468	0,010535979	0,081603665	0,999920179	0,999920183	0,102644919
345	2,48962E-18	3,08995E-10	1	1	1,57785E-09	0,014122271	0,095925895	0,999899936	0,999899936	0,118837162	0,015191804	0,096668012	0,999892357	0,999892703	0,123255037
346	6,69632E-18	4,45347E-10	1	1	2,58772E-09	0,007122156	0,065802443	0,999950009	0,999950009	0,084392868	0,213782076	0,315463384	0,998499447	0,998888525	0,462365739
347	4,78848E-19	1,6165E-10	1	1	6,91988E-10	0,008581788	0,075253814	0,99993794	0,99993794	0,092637938	0,26230187	0,451917219	0,998103142	0,998266553	0,512154147
348	1,73629E-18	2,26617E-10	1	1	1,31768E-09	0,007627311	0,06827579	0,999939031	0,999939031	0,087334478	0,008657666	0,071877759	0,999930795	0,999930832	0,093046579
349	5,73709E-18	5,2212E-10	1	1	2,39522E-09	0,009452525	0,078364284	0,999930094	0,999930094	0,097224095	0,010808808	0,082574079	0,999920064	0,999920065	0,103965417
350	9,64621E-17	1,49158E-09	1	1	9,82151E-09	0,00839058	0,073072137	0,999940321	0,999940321	0,091600111	0,0116011	0,085796365	0,999917485	0,999917637	0,107708403
351	8,93001E-18	7,69506E-10	1	1	2,98831E-09	0,008365215	0,074147362	0,999943547	0,999943547	0,091461552	0,225385903	0,371807352	0,998478984	0,998484957	0,474748252
352	3,05772E-19	8,79909E-11	1	1	5,52967E-10	0,007139315	0,0650825	0,999952489	0,999952489	0,084494465	0,01040197	0,08150411	0,999930776	0,999931288	0,101990046
353	5,21239E-19	1,72004E-10	1	1	7,21969E-10	0,009601786	0,07484259	0,999935655	0,999935655	0,097988704	0,323623637	0,479483629	0,997831267	0,999325635	0,568879281
354	1,096E-18	3,24239E-10	1	1	1,0469E-09	0,008675057	0,075154396	0,999925461	0,999925461	0,093139988	0,00924404	0,079611769	0,999920572	0,999920898	0,096145932
355	9,21725E-17	1,66172E-09	1	1	9,60065E-09	0,009387276	0,079753313	0,999934206	0,999934206	0,096887954	0,011069331	0,086021783	0,999922416	0,99992407	0,105210886
356	2,01284E-18	4,32659E-10	1	1	1,41874E-09	0,009746358	0,085625769	0,999932883	0,999932883	0,098723645	0,011583884	0,088871539	0,999920229	0,999920932	0,107628452
357	2,44181E-18	3,55619E-10	1	1	1,56263E-09	0,008633298	0,073550883	0,999928043	0,999928043	0,092915541	0,009758098	0,07918491	0,999918668	0,999918753	0,098783084
358	7,57795E-18	4,86922E-10	1	1	2,75281E-09	0,008808151	0,074239149	0,999937476	0,999937476	0,093851751	0,011115285	0,08290193	0,999921099	0,99992146	0,10542905
359	6,92317E-19	2,37268E-10	1	1	8,32056E-10	0,010904903	0,081135295	0,999918398	0,999918398	0,104426542	0,012738848	0,090184521	0,999904675	0,999904745	0,112866503
360	6,52045E-18	6,34429E-10	1	1	2,55352E-09	0,008121056	0,074571907	0,999942276	0,999942276	0,090116902	0,00884644	0,077488728	0,99993712	0,999937246	0,094055513
361	6,38643E-19	1,7559E-10	1	1	7,99152E-10	0,009382023	0,081190552	0,999920678	0,999920678	0,096860845	0,009952238	0,082010082	0,999915857	0,999916333	0,099760906
362	1,41857E-17	6,51879E-10	1	1	3,7664E-09	0,009865878	0,080375152	0,999921396	0,999921396	0,099327127	0,011951918	0,088258755	0,999904776	0,999905115	0,109324827
363	1,22957E-17	5,62206E-10	1	1	3,50653E-09	0,009245429	0,073532765	0,999927564	0,999927564	0,096153156	0,009556497	0,075229026	0,999925126	0,999925256	0,097757338
364	2,72821E-18	4,86612E-10	1	1	1,65173E-09	0,008706796	0,076266904	0,999934933	0,999934933	0,093310212	0,360731923	0,48411949	0,997304186	0,998213671	0,600609626
365	1,59453E-18	1,855E-10	1	1	1,26275E-09	0,008611258	0,074899134	0,999931083	0,999931083	0,092796864	0,535188301	0,619773677	0,99571684	0,997168215	0,73156565
366	2,37645E-18	2,32921E-10	1	1	1,54157E-09	0,011764901	0,085202472	0,999909514	0,999909514	0,108466129	0,013347015	0,091515141	0,999897346	0,999897517	0,115529284
367	9,2523E-19	1,69111E-10	1	1	9,61889E-10	0,008930526	0,077312852	0,999935211	0,999935211	0,09450146	0,010624012	0,08089909	0,999922925	0,999922936	0,103072846
368	9,00762E-18	8,93904E-10	1	1	3,00127E-09	0,009455241	0,076478651	0,999932074	0,999932074	0,097238064	0,226120965	0,391334194	0,998375561	0,998658749	0,475521782
369	8,01004E-18	6,71141E-10	1	1	2,8302E-09	0,010156773	0,079258049	0,999910539	0,999910539	0,100780816	0,01056292	0,085201249	0,999906961	0,999907012	0,102776067
370	1,02889E-18	1,68515E-10	1	1	1,01434E-09	0,011515745	0,086016231	0,999913104	0,999913104	0,107311438	0,011910883	0,087590916	0,999910123	0,999910127	0,10913699
371	6,54746E-18	4,18926E-10	1	1	2,5588E-09	0,008436936	0,074051457	0,999939882	0,999939882	0,091852797	0,012285566	0,09015525	0,999912458	0,999912565	0,110840271
372	1,33422E-18	3,27597E-10	1	1	1,15508E-09	0,011428207	0,089420741	0,999917214	0,999917214	0,106902793	0,012196754	0,091210426	0,999911647	0,999911648	0,110438916
373	9,93785E-19	2,18725E-10	1	1	9,96888E-10	0,011578774	0,088432645	0,999904539	0,999904539	0,107604713	0,32248729	0,41244831	0,997341256	0,997341568	0,567879644
374	1,28311E-17	6,50058E-10	1	1	3,58206E-09	0,010842175	0,082743915	0,999920469	0,999920469	0,104125763	0,012453502	0,090001293	0,999908649	0,999908712	0,111595262
375	2,35465E-19	7,57134E-11	1	1	4,85247E-10	0,011314411	0,083536097	0,999919665	0,999919665	0,106369222	0,013003657	0,09238457	0,999907671	0,999908853	0,114033579
376	3,21323E-18	2,91015E-10	1	1	1,79255E-09	0,010320175	0,083387248	0,999927206	0,999927206	0,101588262	0,234711581	0,425700003	0,998344452	0,998413227	0,484470412
377	3,30801E-19	8,84662E-11	1	1	5,75153E-10	0,0117325	0,08760505	0,999906591	0,999906591	0,108316666	0,011613153	0,084999192	0,999907541	0,99990755	0,107764342
378	5,1434E-18	5,97604E-10	1	1	2,26791E-09	0,010089616	0,080877531	0,999939296	0,999939296	0,100447082	0,633432106	0,554790032	0,996188973	0,996322908	0,79588448
379	2,48598E-19	8,92882E-11	1	1	4,98596E-10	0,00939846	0,078670685	0,999922885	0,999922885	0,096945655	0,010112737	0,081627526	0,999917025	0,999917136	0,100562105
380	4,47124E-18	4,53409E-10	1	1	2,11453E-09	0,007145617	0,070099846	0,999945507	0,999945507	0,084531751	0,438594246	0,551829875	0,996655238	0,997448767	0,662264484
381	1,13157E-18	1,78741E-10	1	1	1,06375E-09	0,008505496	0,072771654	0,999938619	0,999938619	0,092225244	0,21307055	0,368796505	0,99846234	0,999139411	0,461595656
382	2,50128E-18	2,73E-10	1	1	1,58154E-09	0,007159202	0,064878244	0,999938816	0,999938816	0,08461207	0,194731415	0,303737534	0,998335788	0,998446574	0,441283826
383	1,62227E-18	2,35291E-10	1	1	1,27368E-09	0,00951574	0,081152023	0,999925853	0,999925853	0,097548652	0,010262028	0,082951281	0,999920038	0,999920517	0,101301669
384	1,61521E-18	3,12642E-10	1	1	1,27091E-09	0,011753126	0,090134406	0,999908911	0,999908911	0,108411836	0,484897278	0,550034159	0,996241962	0,99624501	0,69634566
385	6,5261E-18	5,54312E-10	1	1	2,55462E-09	0,009665996	0,080403558	0,999934034	0,999934034	0,098315795	0,011504305	0,085493708	0,999921489	0,999921708	0,107258125
386	3,79158E-18	4,76019E-10	1	1	1,9472E-09	0,010184312	0,081847164	0,999920285	0,999920285	0,100917354	0,010783395	0,085160384	0,999915596	0,999915606	0,103843126
387	4,38402E-18	6,00296E-10	1	1	2,0938E-09	0,007954847	0,071807349	0,999937814	0,999937814	0,08918995	1,267558841	0,939977031	0,990091017	0,990461444	1,125859157
388	1,94922E-18	2,2373E-10	1	1	1,39614E-09	0,01212268	0,089106948	0,999914657	0,999914657	0,110103044	0,014224805	0,098158212	0,999899858	0,999899874	0,119267787
389	1,974E-15	6,66528E-09	1	1	4,44297E-08	0,011591141	0,082575734	0,999918969	0,999918969	0,107662163	0,347611746	0,50886524	0,997569937	0,99865608	0,58958608
390	4,45998E-18	3,10882E-10	1	1	2,11187E-09	0,010135995	0,080036055	0,99991954	0,99991954	0,100677677	0,012043806	0,087724605	0,999904396	0,999904397	0,109744275
391	9,10493E-18	5,24003E-10	1	1	3,01744E-09	0,007812911	0,070442654	0,999944786	0,999944786	0,088390675	0,009119276	0,076760536	0,999935554	0,999935554	0,0954949
392	1,04096E-18	2,39192E-10	1	1	1,02027E-09	0,013157181	0,087106295	0,999909791	0,999909791	0,114704756	0,014677265	0,095144497	0,999899369	0,99989937	0,121149765
393	1,51856E-18	3,69941E-10	1	1	1,2323E-09	0,008225605	0,069875296	0,999932406	0,999932406	0,09069512	1,293315779	0,95098282	0,989372144	0,990514773	1,137240423
394	1,13324E-18	2,5034E-10	1	1	1,06454E-09	0,00884562	0,076331345	0,99992615	0,99992615	0,094051157	0,335743567	0,44414993	0,997196942	0,997415345	0,579433833
395	3,32683E-17	1,26229E-09	1	1	5,76787E-09	0,011940494	0,086614811	0,999887805	0,999887805	0,109272565	0,012498765	0,089151143	0,999882559	0,999882592	0,111797876
396	1,20576E-18	2,0012E-10	1	1	1,09807E-09	0,007712101	0,071467976	0,999944975	0,999944975	0,087818569	0,273845004	0,409479052	0,998046128	0,998110278	0,52330202
397	1,5279E-18	2,92398E-10	1	1	1,23608E-09	0,011046613	0,083217971	0,999923119	0,999923119	0,105102867	0,013661492	0,092558039	0,99990492	0,999904926	0,116882387
398	6,43559E-18	5,67813E-10	1	1	2,53685E-09	0,010469088	0,081886709	0,999925312	0,999925312	0,10231856	0,012625344	0,088711245	0,999909929	0,999910085	0,112362556
399	3,73518E-17	9,35519E-10	1	1	6,11161E-09	0,010698239	0,079538866	0,999925371	0,999925371	0,103432292	0,012708439	0,087019833	0,999911348	0,999911462	0,112731713
400	4,24997E-19	1,135E-10	1	1	6,51918E-10	0,009909857	0,082717651	0,999929932	0,999929932	0,099548264	0,011567181	0,088453992	0,999918214	0,999918238	0,107550831
401	1,27099E-18	1,67165E-10	1	1	1,12738E-09	0,011150673	0,087814312	0,999912783	0,999912783	0,105596746	0,292391973	0,43826292	0,997713007	0,99785859	0,540732811
402	2,18321E-18	2,48769E-10	1	1	1,47757E-09	0,009024894	0,077528859	0,999919179	0,999919179	0,094999444	0,010788006	0,084369615	0,99990339	0,999903895	0,103865326
403	2,62299E-18	3,03876E-10	1	1	1,61957E-09	0,009067261	0,079962208	0,999931099	0,999931099	0,095222166	0,011892268	0,087380616	0,999909632	0,999909959	0,109051677
404	6,03244E-19	1,30702E-10	1	1	7,76688E-10	0,009506989	0,077652055	0,999931064	0,999931064	0,097503791	0,013683121	0,091174769	0,999900783	0,999901124	0,116974874
405	5,92569E-17	1,11714E-09	1	1	7,69785E-09	0,008308885	0,071133	0,999947035	0,999947035	0,091153085	0,460848825	0,576667942	0,99706234	0,997859617	0,678858472
406	9,9631E-18	7,21482E-10	1	1	3,15644E-09	0,010283453	0,082363718	0,999918403	0,999918403	0,10140736	0,011604388	0,087516694	0,999907922	0,999908333	0,107723666
407	8,60118E-18	6,91943E-10	1	1	2,93278E-09	0,010363812	0,082427706	0,999923396	0,999923396	0,101802812	0,010863484	0,084212498	0,999919702	0,999919708	0,10422804
408	1,87897E-18	2,06967E-10	1	1	1,37075E-09	0,008382768	0,070806789	0,999932929	0,999932929	0,091557458	0,363799186	0,505990848	0,997089202	0,997713171	0,603157679
409	1,70256E-17	5,97865E-10	1	1	4,12621E-09	0,009556386	0,076821109	0,999921539	0,999921539	0,097756769	1,330407368	0,954354927	0,989076922	0,991639755	1,153432863
410	5,77077E-19	2,66156E-10	1	1	7,59656E-10	0,012637281	0,086927228	0,999904051	0,999904051	0,112415663	0,408440835	0,532348058	0,996898901	0,997869227	0,639093761
411	4,62934E-18	5,87593E-10	1	1	2,15159E-09	0,008844849	0,073900498	0,999933844	0,999933844	0,094047058	0,342848441	0,456304744	0,997435627	0,997675049	0,585532613
412	6,02974E-18	5,93255E-10	1	1	2,45555E-09	0,007502983	0,066628888	0,999946784	0,999946784	0,086619758	0,009544811	0,076891329	0,999932302	0,999932362	0,097697549
413	2,271E-18	3,10737E-10	1	1	1,50698E-09	0,012012191	0,08539244	0,999892225	0,999892225	0,109600143	0,308449491	0,458561062	0,997232552	0,997497341	0,555382292
414	2,61973E-17	7,34453E-10	1	1	5,11833E-09	0,010122758	0,07592025	0,999922938	0,999922938	0,100611916	0,011665403	0,086255619	0,999911194	0,999911588	0,108006494
415	3,65006E-17	1,22275E-09	1	1	6,04157E-09	0,008917576	0,075100827	0,999931446	0,999931446	0,094432917	0,009550922	0,077587441	0,999926578	0,999926585	0,097728816
416	3,56535E-18	4,54255E-10	1	1	1,88821E-09	0,010385816	0,081184135	0,999924881	0,999924881	0,101910826	0,340252799	0,488431089	0,997539	0,999146173	0,583311923
417	2,6964E-17	8,07922E-10	1	1	5,19269E-09	0,006926986	0,067035065	0,999948832	0,999948832	0,083228518	0,008595988	0,077611796	0,999936504	0,999936542	0,092714551
418	4,92233E-19	1,86561E-10	1	1	7,01593E-10	0,010714663	0,082386143	0,999912505	0,999912505	0,103511657	0,363265752	0,489632133	0,997033613	0,998139857	0,602715316
419	1,44934E-18	2,62309E-10	1	1	1,20388E-09	0,009774317	0,076327279	0,999922898	0,999922898	0,098865148	0,01102747	0,084409229	0,999913013	0,999913099	0,10501176
420	4,33842E-18	3,18252E-10	1	1	2,08289E-09	0,011841946	0,082311386	0,999905021	0,999905021	0,108820707	0,013547035	0,091338354	0,999891346	0,999891778	0,116391731
421	2,22305E-17	1,04173E-09	1	1	4,71492E-09	0,011098387	0,084885804	0,999913237	0,999913237	0,105348884	0,012342157	0,091526491	0,999903514	0,999904217	0,111095261
422	1,38508E-17	6,87805E-10	1	1	3,72166E-09	0,01009282	0,080663941	0,999923521	0,999923521	0,10046303	0,011682556	0,089205118	0,999911474	0,99991184	0,108085872
423	2,45352E-17	1,08708E-09	1	1	4,9533E-09	0,009682125	0,07935553	0,99992227	0,99992227	0,098397788	0,576881606	0,607926597	0,995368685	0,997674484	0,759527225
424	1,45575E-17	5,69326E-10	1	1	3,81543E-09	0,010005941	0,082356056	0,999929561	0,999929561	0,100029702	0,011987096	0,087657987	0,999915614	0,999915628	0,109485596
425	9,60605E-19	1,5901E-10	1	1	9,80105E-10	0,009280151	0,076670299	0,99993546	0,99993546	0,096333539	0,011504675	0,081222077	0,99991999	0,999919998	0,10725985
426	9,25755E-17	1,77148E-09	1	1	9,62162E-09	0,009481724	0,078853855	0,999922375	0,999922375	0,097374144	0,01375963	0,09109011	0,999887352	0,999887353	0,11730145
427	1,29518E-17	5,38559E-10	1	1	3,59886E-09	0,009457423	0,078434264	0,999915978	0,999915978	0,097249283	0,011334646	0,087698814	0,9998993	0,99989933	0,106464292
428	8,65364E-18	4,50404E-10	1	1	2,94171E-09	0,012162563	0,089201455	0,999896003	0,999896003	0,11028401	0,42107107	0,443951487	0,996399598	0,996875085	0,648899892
429	2,82263E-18	2,68761E-10	1	1	1,68007E-09	0,009160424	0,074498295	0,999938476	0,999938476	0,095710106	0,45163903	0,560561941	0,996966664	0,99700943	0,672040944
430	1,93886E-17	6,93662E-10	1	1	4,40325E-09	0,010137251	0,084338749	0,999928754	0,999928754	0,100683918	0,27037246	0,39094916	0,998099785	0,998365546	0,519973518
431	8,36038E-19	1,35955E-10	1	1	9,14351E-10	0,013792385	0,089817207	0,999897705	0,999897705	0,117440985	0,016232333	0,097016218	0,999879609	0,999879616	0,127406174
432	1,59167E-18	3,46443E-10	1	1	1,26162E-09	0,013808129	0,095294106	0,999909845	0,999909845	0,117507994	0,016451804	0,107165099	0,999892584	0,999892685	0,128264587
433	8,37762E-19	1,50841E-10	1	1	9,15293E-10	0,008586803	0,071855797	0,999939534	0,999939534	0,092665006	0,010293764	0,078560334	0,999927514	0,999927519	0,101458189
434	2,16856E-19	1,3331E-10	1	1	4,65678E-10	0,011736732	0,087600087	0,999918264	0,999918264	0,108336201	0,01279076	0,092274832	0,999910924	0,999910927	0,113096243
435	3,08917E-17	1,11617E-09	1	1	5,55803E-09	0,00798045	0,06957384	0,999934328	0,999934328	0,089333367	0,01046636	0,075896793	0,999913872	0,999913881	0,10230523
436	4,22627E-18	3,45042E-10	1	1	2,05579E-09	0,010726919	0,084167429	0,999925199	0,999925199	0,103570841	0,013454287	0,094105544	0,999906181	0,99990637	0,115992617
437	1,72255E-18	1,92302E-10	1	1	1,31246E-09	0,009178974	0,07567364	0,999927788	0,999927788	0,095806965	0,146257653	0,321077551	0,99884937	0,998850579	0,382436469
438	6,73115E-19	2,27858E-10	1	1	8,20436E-10	0,008994475	0,074642201	0,999929195	0,999929195	0,094839208	0,009788053	0,079986452	0,999922948	0,999923138	0,098934589
439	2,90805E-18	3,9073E-10	1	1	1,7053E-09	0,009565683	0,078677659	0,99992503	0,99992503	0,097804308	0,010136527	0,082283957	0,999920556	0,999920556	0,100680321
440	2,32513E-18	3,9675E-10	1	1	1,52484E-09	0,010621711	0,083035959	0,999908755	0,999908755	0,103061685	0,010986918	0,085591495	0,999905617	0,999906359	0,104818499
441	3,49367E-17	1,64045E-09	1	1	5,91072E-09	0,0086717	0,073221585	0,999936196	0,999936196	0,093121964	0,010680712	0,084672073	0,999921414	0,99992142	0,103347529
442	2,59431E-17	8,78621E-10	1	1	5,09343E-09	0,008207355	0,075562022	0,999948781	0,999948781	0,090594454	0,354748302	0,503440712	0,997786145	0,99927366	0,595607507
443	1,62954E-18	3,95506E-10	1	1	1,27654E-09	0,008765275	0,072195011	0,999938825	0,999938825	0,093623048	0,439887707	0,549236968	0,996929899	0,998195128	0,663240308
444	7,33096E-19	1,38469E-10	1	1	8,5621E-10	0,010869886	0,082489273	0,999918381	0,999918381	0,104258748	0,018060013	0,105792642	0,999864393	0,999864427	0,134387548
445	2,21377E-18	4,14511E-10	1	1	1,48788E-09	0,008134889	0,071320444	0,999945375	0,999945375	0,09019362	0,010432983	0,080512384	0,999929943	0,999929946	0,102141977
446	1,15721E-18	1,89933E-10	1	1	1,07574E-09	0,010794145	0,084626431	0,999919045	0,999919045	0,103894873	0,013153411	0,095317688	0,999901351	0,999901353	0,114688322
447	1,77507E-17	6,66164E-10	1	1	4,21316E-09	0,009363748	0,080472103	0,999931198	0,999931198	0,096766459	0,30883857	0,460090402	0,997730757	0,997734845	0,555732463
448	5,83578E-18	5,67603E-10	1	1	2,41574E-09	0,010336184	0,080095342	0,999928482	0,999928482	0,101667024	0,444314389	0,5509713	0,996925687	0,998104303	0,666569118
449	1,08161E-17	6,93303E-10	1	1	3,28879E-09	0,009644381	0,076921913	0,999934945	0,999934945	0,098205809	0,978099448	0,870749601	0,993402366	0,996932334	0,988989104
450	2,37063E-18	3,82915E-10	1	1	1,53969E-09	0,011004264	0,081268156	0,999908903	0,999908903	0,104901213	0,012146731	0,084083189	0,999899446	0,999899454	0,110212209
451	1,05399E-17	7,04248E-10	1	1	3,24652E-09	0,010607168	0,085786097	0,999925675	0,999925675	0,102991104	0,013258786	0,095009475	0,999907095	0,999907787	0,115146801
452	2,52714E-18	4,75365E-10	1	1	1,5897E-09	0,011019213	0,083661103	0,999916279	0,999916279	0,104972441	0,368273788	0,503133459	0,997201953	0,998438557	0,606855657
453	2,55301E-18	2,39036E-10	1	1	1,59781E-09	0,009866361	0,08041132	0,999923049	0,999923049	0,099329556	0,00980687	0,079549733	0,999923513	0,999923824	0,099029644
454	1,45062E-18	2,25236E-10	1	1	1,20442E-09	0,010465067	0,080615379	0,999916055	0,999916055	0,102298911	0,010909757	0,083346709	0,999912488	0,99991269	0,104449781
455	2,01183E-18	3,14187E-10	1	1	1,41839E-09	0,008406711	0,075294011	0,999936073	0,999936073	0,091688118	0,010270382	0,080418231	0,999921901	0,999922117	0,101342895
456	3,77013E-18	4,26156E-10	1	1	1,94168E-09	0,008040432	0,0693356	0,999940188	0,999940188	0,089668455	0,766729867	0,717933138	0,994296417	0,99779229	0,875631125
457	8,2125E-18	4,37864E-10	1	1	2,86575E-09	0,0112682	0,083989871	0,999908835	0,999908835	0,106151778	0,442788911	0,499399105	0,996417614	0,996873078	0,665423858
458	3,1788E-16	2,91011E-09	1	1	1,78292E-08	0,009797637	0,080476828	0,999932901	0,999932901	0,098983013	0,307809586	0,431606121	0,997891954	0,997897329	0,554805899
459	2,5203E-18	4,18435E-10	1	1	1,58754E-09	0,012658028	0,08868829	0,999918757	0,999918757	0,112507902	0,212467062	0,382214156	0,998636326	0,998656691	0,460941495
460	4,17258E-19	1,02318E-10	1	1	6,45955E-10	0,00901103	0,074941943	0,999935598	0,999935598	0,094926445	1,32992386	0,990908711	0,990494951	0,990809005	1,153223248
461	6,95399E-17	1,22571E-09	1	1	8,33906E-09	0,009554417	0,076877131	0,999927221	0,999927221	0,097746698	0,010856754	0,083615993	0,9999173	0,99991745	0,104195747
462	2,31975E-18	3,38709E-10	1	1	1,52307E-09	0,01142643	0,085562387	0,999898603	0,999898603	0,106894479	0,011697432	0,085486325	0,999896198	0,999896264	0,108154668
463	5,25124E-16	4,34825E-09	1	1	2,29156E-08	0,010728514	0,083714137	0,999923431	0,999923431	0,103578541	0,272593186	0,457342236	0,998054514	0,998352559	0,522104574
464	4,59165E-19	1,26873E-10	1	1	6,77617E-10	0,012197676	0,091359876	0,999913734	0,999913734	0,110443089	0,013622194	0,094726945	0,999903659	0,999903749	0,116714157
465	1,12249E-17	5,25124E-10	1	1	3,35036E-09	0,009772381	0,077507806	0,999919676	0,999919676	0,098855354	0,334153352	0,478419724	0,997253443	0,997295159	0,57805999
466	2,75653E-18	4,32029E-10	1	1	1,66028E-09	0,009706699	0,081572119	0,999920727	0,999920727	0,098522579	0,011055695	0,085170602	0,99990971	0,99990971	0,105146064
467	4,43664E-18	3,61569E-10	1	1	2,10633E-09	0,010290732	0,081478367	0,999920917	0,999920917	0,101443243	0,01210755	0,087677662	0,999906956	0,999907001	0,110034315
468	2,19892E-18	2,43286E-10	1	1	1,48288E-09	0,008878223	0,077919542	0,999934084	0,999934084	0,094224325	0,009284673	0,079382974	0,999931067	0,999931702	0,09635701
469	4,66404E-18	6,51589E-10	1	1	2,15964E-09	0,011555604	0,086264037	0,999919552	0,999919552	0,107496994	0,48316693	0,49712349	0,996636282	0,996644478	0,695102101
470	2,03179E-18	3,77749E-10	1	1	1,42541E-09	0,009273191	0,077154486	0,999934064	0,999934064	0,096297411	0,531626395	0,550850415	0,996219916	0,99646388	0,729127146
471	3,22662E-17	8,64489E-10	1	1	5,68034E-09	0,009383283	0,075024713	0,99992694	0,99992694	0,09686735	0,011843098	0,08517364	0,999907788	0,999907865	0,108826
472	3,38145E-18	6,00264E-10	1	1	1,83887E-09	0,009623248	0,077410221	0,999924626	0,999924626	0,098098155	0,010264405	0,080753974	0,999919605	0,99991992	0,101313401
473	3,17586E-18	4,96224E-10	1	1	1,78209E-09	0,009064918	0,076446351	0,999936761	0,999936761	0,095209863	0,524756897	0,617282105	0,996339185	0,997131402	0,724401061
474	8,28253E-19	1,52224E-10	1	1	9,10084E-10	0,009515881	0,078353816	0,999929665	0,999929665	0,09754938	0,383183255	0,504940508	0,997167783	0,997599279	0,619017976
475	9,06191E-17	1,44924E-09	1	1	9,51941E-09	0,011611135	0,083741264	0,999915713	0,999915713	0,107754979	0,012254206	0,08728049	0,999911045	0,999911502	0,110698716
476	4,36598E-19	1,75123E-10	1	1	6,60755E-10	0,010268248	0,081742577	0,999906835	0,999906835	0,101332364	0,011185098	0,084027091	0,999898516	0,999898747	0,105759623
477	4,1303E-18	4,75395E-10	1	1	2,03231E-09	0,007956815	0,06749654	0,999946792	0,999946792	0,089200983	0,008822865	0,071630554	0,999941001	0,99994102	0,09393011
478	4,04252E-19	1,09992E-10	1	1	6,35808E-10	0,009130638	0,080692666	0,999932881	0,999932881	0,095554371	0,010183773	0,0798058	0,99992514	0,999925574	0,100914682
479	2,15042E-17	1,20263E-09	1	1	4,63727E-09	0,01059237	0,080777565	0,999926883	0,999926883	0,102919243	0,263024376	0,412440229	0,998184407	0,998201949	0,512859022
480	7,15298E-19	1,4911E-10	1	1	8,45753E-10	0,009615318	0,077288806	0,99993343	0,99993343	0,098057727	0,426712224	0,567219229	0,997045741	0,999228599	0,653232136
481	1,75602E-17	7,76185E-10	1	1	4,19049E-09	0,008905776	0,075582919	0,99993851	0,99993851	0,094370421	0,406612584	0,491932696	0,997192531	0,998218172	0,63766181
482	9,19763E-19	1,78321E-10	1	1	9,59043E-10	0,010236961	0,082342125	0,99992142	0,99992142	0,101177867	0,010971623	0,084304589	0,999915781	0,999916008	0,104745514
483	3,51479E-17	9,31429E-10	1	1	5,92856E-09	0,010299407	0,084479628	0,999917298	0,999917298	0,101485995	0,012120508	0,088385393	0,999902675	0,999902677	0,110093177
484	4,57552E-18	5,2434E-10	1	1	2,13905E-09	0,008645542	0,073890363	0,999939052	0,999939052	0,092981407	0,266701883	0,426497421	0,998119835	0,998392542	0,516431877
485	1,00892E-18	1,54215E-10	1	1	1,00445E-09	0,009932337	0,081452033	0,999928789	0,999928789	0,09966111	0,01105498	0,083468988	0,999920741	0,999920916	0,105142665
486	2,59884E-18	5,47003E-10	1	1	1,61209E-09	0,008857672	0,075280224	0,999934559	0,999934559	0,094115204	0,313421107	0,470379429	0,99768444	0,997778487	0,559840251
487	1,99575E-18	4,65907E-10	1	1	1,41271E-09	0,011250892	0,083711132	0,999902564	0,999902564	0,10607022	1,521554549	0,899719658	0,986822913	0,987813825	1,233513092
488	1,43495E-18	4,24184E-10	1	1	1,19789E-09	0,013644957	0,094788301	0,99989206	0,99989206	0,116811629	0,325249456	0,447732798	0,997427068	0,99807604	0,570306458
489	3,93742E-18	3,85074E-10	1	1	1,98429E-09	0,01037137	0,078884357	0,999925927	0,999925927	0,101839924	0,012847934	0,091726804	0,99990824	0,999908331	0,113348729
490	1,57355E-18	2,56509E-10	1	1	1,25441E-09	0,010608272	0,082715815	0,999917356	0,999917356	0,102996467	0,010602141	0,082460441	0,999917404	0,999917422	0,102966701
491	8,26912E-19	2,02011E-10	1	1	9,09347E-10	0,009210571	0,073095492	0,999929526	0,999929526	0,095971718	0,177181407	0,353611083	0,99864431	0,998674666	0,420929219
492	3,03051E-18	2,92192E-10	1	1	1,74084E-09	0,00937648	0,079539451	0,999922879	0,999922879	0,096832224	0,009707057	0,079422947	0,99992016	0,99992024	0,098524399
493	3,91131E-16	3,30324E-09	1	1	1,9777E-08	0,006939525	0,066083681	0,99994501	0,99994501	0,08330381	0,010392808	0,084909466	0,999917645	0,999917906	0,101945123
494	4,99138E-19	1,27083E-10	1	1	7,06497E-10	0,010030856	0,081245919	0,999934846	0,999934846	0,10015416	0,011829037	0,089170229	0,999923166	0,999923168	0,108761376
495	2,32299E-18	3,82731E-10	1	1	1,52414E-09	0,009150769	0,074352761	0,999928087	0,999928087	0,095659653	0,012642804	0,087589808	0,999900645	0,99990209	0,112440226
496	1,09244E-16	1,76092E-09	1	1	1,0452E-08	0,009366053	0,074527037	0,999928353	0,999928353	0,096778373	0,010475528	0,080137161	0,999919866	0,999920249	0,102350026
497	5,43731E-18	3,65545E-10	1	1	2,3318E-09	0,009308772	0,076641066	0,999932788	0,999932788	0,096481979	0,279695081	0,441150113	0,997980522	0,998055479	0,528862062
498	1,83413E-18	2,61583E-10	1	1	1,3543E-09	0,012088349	0,085746357	0,999912008	0,999912008	0,10994703	1,191940887	0,906798024	0,991323817	0,991612966	1,091760453
499	2,38494E-18	3,07533E-10	1	1	1,54432E-09	0,008710561	0,075711287	0,999938663	0,999938663	0,093330387	0,011080546	0,08266732	0,999921974	0,999922152	0,105264173
